-1	-61	222
-2	-61	222
-3	-61	222
-5	-61	222
-6	-61	222
-8	-61	222
-9	-61	222
-10	-61	222
-12	-61	222
-13	-61	222
-15	-61	222
-16	-61	222
-17	-61	222
-19	-61	222
-20	-61	222
-22	-61	222
-16	-41	222
-16	-39	222
-16	-36	222
-16	-34	222
-16	-32	222
-16	-30	222
-16	-28	222
-16	-27	222
-16	-25	222
-16	-24	222
-16	-23	222
-16	-22	222
-16	-21	222
-16	-20	222
-16	-19	222
-16	-18	222
-16	-17	222
-16	-16	222
-16	-15	222
-16	-15	222
-16	-14	222
-16	-13	222
-16	-13	222
-16	-12	222
-16	-11	222
-16	-11	222
-16	-10	222
-16	-10	222
-16	-9	222
-16	-9	222
-16	-8	222
-16	-8	222
-16	-7	222
-16	-7	222
-16	-6	222
-16	-6	222
-16	-5	222
-16	-5	222
-16	-5	222
-16	-4	222
-16	-4	222
-16	-3	222
-16	-3	222
-16	-3	222
-16	-2	222
-16	-2	222
-16	-2	222
-16	-1	222
-16	-1	222
-16	0	222
-16	0	222
-16	0	222
-16	0	222
-16	0	222
-16	0	222
-16	1	222
-16	1	222
-16	1	222
-16	2	222
-16	2	222
-16	3	222
-16	3	222
-16	3	222
-16	4	222
-16	4	222
-16	5	222
-16	5	222
-16	5	222
-16	6	222
-16	6	222
-16	7	222
-16	7	222
-16	7	222
-16	8	222
-16	8	222
-16	9	222
-16	9	222
-16	10	222
-16	10	222
-16	11	222
-16	11	222
-16	12	222
-16	12	222
-16	13	222
-16	14	222
-16	14	222
-16	15	222
-16	15	222
-16	16	222
-16	17	222
-16	18	222
-16	19	222
-16	19	222
-16	20	222
-16	21	222
-16	22	222
-16	23	222
-16	25	222
-16	26	222
-16	27	222
-16	28	222
-15	29	222
-15	29	222
-14	29	222
-13	29	222
-12	29	222
-11	29	222
-11	29	222
-10	29	222
-9	29	222
-3	15	222
-2	17	222
-1	15	222
-1	29	222
0	29	222
0	29	222
0	29	222
1	29	222
2	29	222
2	29	222
3	29	222
4	29	222
4	29	222
5	29	222
6	29	222
6	29	222
7	29	222
8	29	222
8	29	222
9	29	222
10	29	222
11	30	222
11	27	222
11	25	222
11	24	222
11	22	222
11	21	222
10	19	222
11	18	222
10	17	222
10	16	222
10	15	222
10	15	222
10	14	222
10	13	222
10	12	222
10	12	222
10	11	222
10	11	222
10	10	222
10	10	222
10	9	222
10	9	222
10	8	222
10	8	222
10	7	222
10	7	222
10	7	222
29	16	222
29	15	222
29	14	222
29	13	222
29	13	222
29	12	222
29	11	222
29	10	222
29	10	222
29	9	222
29	8	222
29	7	222
29	7	222
29	6	222
29	5	222
29	5	222
29	4	222
29	3	222
29	3	222
29	2	222
29	1	222
29	1	222
29	0	222
29	0	222
29	0	222
28	-1	222
28	-1	222
29	-2	222
29	-3	222
29	-3	222
29	-4	222
29	-5	222
28	-6	222
28	-6	222
28	-7	222
29	-7	222
28	-8	222
28	-9	222
28	-10	222
29	-10	222
28	-11	222
28	-12	222
28	-13	222
28	-13	222
28	-14	222
28	-15	222
28	-16	222
28	-17	222
28	-17	222
28	-18	222
29	-19	222
28	-20	222
29	-21	222
28	-22	222
28	-23	222
28	-24	222
28	-26	222
28	-27	222
29	-28	222
29	-30	222
29	-31	222
29	-32	222
29	-34	222
29	-35	222
29	-37	222
29	-39	222
29	-41	222
10	-16	222
10	-16	222
10	-17	222
10	-18	222
10	-19	222
10	-20	222
10	-21	222
10	-22	222
10	-23	222
10	-25	222
10	-27	222
10	-28	222
10	-31	222
10	-33	222
10	-35	222
9	-61	222
8	-61	222
7	-61	222
5	-61	222
4	-61	222
2	-61	222
1	-61	222
0	-61	222
0	-61	222
-1	-61	222
-2	-60	222
-3	-61	222
-4	-61	222
-5	-61	222
-6	-61	222
-7	-61	222
-8	-61	222
-10	-61	222
-11	-61	222
-12	-61	222
-13	-61	222
-14	-61	222
-15	-61	222
-17	-61	222
-18	-61	222
-19	-61	222
-21	-61	222
-22	-61	222
-23	-61	222
-15	-42	222
-15	-40	222
-15	-39	222
-15	-37	222
-15	-36	222
-15	-35	222
-15	-34	222
-15	-33	222
-15	-32	222
-15	-31	222
-15	-30	222
-15	-29	222
-15	-28	222
-15	-27	222
-15	-27	222
-15	-26	222
-15	-25	222
-15	-25	222
-15	-24	222
-15	-23	222
-15	-23	222
-15	-22	222
-15	-22	222
-15	-21	222
-15	-21	222
-15	-20	222
-15	-20	222
-15	-19	222
-15	-19	222
-16	-19	222
-15	-18	222
-15	-18	222
-15	-17	222
-16	-17	222
-15	-17	222
-16	-16	222
-16	-16	222
-16	-15	222
-16	-15	222
-16	-15	222
-16	-14	222
-16	-14	222
-16	-13	222
-16	-13	222
-16	-13	222
-16	-12	222
-16	-12	222
-16	-12	222
-16	-12	222
-16	-12	222
-16	-12	222
-16	-11	222
-16	-11	222
-16	-10	222
-16	-10	222
-16	-10	222
-16	-9	222
-16	-9	222
-16	-9	222
-16	-8	222
-16	-8	222
-16	-7	222
-16	-7	222
-16	-7	222
-16	-6	222
-16	-6	222
-16	-5	222
-16	-5	222
-16	-4	222
-16	-4	222
-16	-4	222
-16	-3	222
-16	-3	222
-16	-2	222
-16	-1	222
-16	-1	222
-16	0	222
-16	0	222
-16	0	222
-16	0	222
-16	1	222
-16	2	222
-16	2	222
-16	3	222
-16	4	222
-16	5	222
-16	5	222
-16	6	222
-16	7	222
-16	8	222
-16	9	222
-16	10	222
-16	11	222
-16	13	222
-16	14	222
-17	16	222
-16	17	222
-17	19	222
-17	20	222
-17	23	222
-17	25	222
-17	28	222
-16	28	222
-15	28	222
-14	28	222
-13	28	222
-12	28	222
-11	28	222
-10	28	222
-9	28	222
-5	15	222
-4	14	222
-3	14	222
-3	14	222
-2	15	222
-1	28	222
0	28	222
0	28	222
1	28	222
2	28	222
2	29	222
3	29	222
4	29	222
5	29	222
6	29	222
7	29	222
8	29	222
9	29	222
10	27	222
10	23	222
10	20	222
10	18	222
10	15	222
10	13	222
10	12	222
10	10	222
10	8	222
10	7	222
25	30	222
27	30	222
28	30	222
28	28	222
28	26	222
28	24	222
28	22	222
28	21	222
28	19	222
28	18	222
28	16	222
28	15	222
28	14	222
28	12	222
28	11	222
28	10	222
28	9	222
28	8	222
28	7	222
28	6	222
28	5	222
28	4	222
28	3	222
28	2	222
28	2	222
28	1	222
28	0	222
28	0	222
28	-1	222
28	-1	222
28	-2	222
28	-3	222
28	-3	222
28	-4	222
29	-5	222
28	-6	222
28	-6	222
28	-7	222
29	-8	222
29	-8	222
29	-9	222
29	-10	222
29	-10	222
29	-11	222
29	-12	222
29	-12	222
29	-12	222
29	-13	222
29	-13	222
29	-14	222
29	-15	222
29	-15	222
29	-16	222
29	-17	222
29	-17	222
29	-18	222
29	-19	222
29	-19	222
10	-15	222
10	-15	222
10	-16	222
10	-16	222
10	-16	222
10	-16	222
10	-17	222
10	-17	222
10	-17	222
10	-18	222
10	-18	222
10	-18	222
10	-19	222
10	-19	222
10	-19	222
10	-20	222
10	-20	222
10	-20	222
10	-21	222
10	-21	222
10	-22	222
10	-22	222
10	-22	222
10	-23	222
10	-23	222
10	-24	222
10	-25	222
10	-25	222
10	-26	222
10	-26	222
10	-27	222
10	-28	222
10	-29	222
10	-29	222
10	-30	222
10	-31	222
10	-33	222
10	-34	222
10	-35	222
10	-36	222
10	-38	222
10	-40	222
11	-42	222
11	-44	222
11	-47	222
11	-50	222
10	-60	222
9	-61	222
8	-61	222
7	-61	222
6	-61	222
5	-61	222
4	-60	222
3	-61	222
2	-61	222
1	-61	222
0	-59	222
-1	-59	222
-1	-60	222
-2	-59	222
-3	-60	222
-3	-60	222
-4	-59	222
-5	-59	222
-5	-59	222
-6	-59	222
-7	-59	222
-7	-60	222
-8	-59	222
-9	-60	222
-9	-59	222
-10	-59	222
-11	-59	222
-12	-59	222
-12	-59	222
-13	-59	222
-14	-59	222
-15	-60	222
-15	-59	222
-16	-59	222
-17	-59	222
-18	-59	222
-19	-59	222
-20	-60	222
-21	-59	222
-22	-60	222
-23	-59	222
-24	-59	222
-25	-60	222
-26	-60	222
-28	-60	222
-29	-60	222
-31	-60	222
-32	-60	222
-33	-60	222
-35	-60	222
-37	-60	222
-38	-60	222
-16	-41	222
-16	-41	222
-16	-40	222
-16	-40	222
-16	-39	222
-16	-39	222
-16	-38	222
-16	-38	222
-16	-38	222
-16	-37	222
-16	-37	222
-16	-36	222
-16	-36	222
-16	-35	222
-15	-35	222
-16	-35	222
-16	-34	222
-15	-34	222
-16	-33	222
-16	-33	222
-16	-33	222
-16	-32	222
-15	-32	222
-15	-32	222
-15	-31	222
-15	-31	222
-15	-31	222
-15	-31	222
-15	-31	222
-15	-30	222
-15	-30	222
-15	-30	222
-15	-29	222
-15	-29	222
-15	-29	222
-15	-28	222
-15	-28	222
-15	-28	222
-15	-27	222
-15	-27	222
-15	-26	222
-15	-26	222
-16	-26	222
-15	-25	222
-15	-25	222
-15	-24	222
-15	-24	222
-15	-24	222
-16	-23	222
-16	-23	222
-16	-22	222
-16	-22	222
-16	-21	222
-16	-21	222
-16	-20	222
-16	-20	222
-16	-19	222
-16	-19	222
-16	-18	222
-16	-17	222
-16	-17	222
-16	-16	222
-16	-15	222
-16	-15	222
-16	-14	222
-16	-13	222
-16	-12	222
-16	-12	222
-16	-12	222
-16	-11	222
-16	-10	222
-16	-8	222
-16	-7	222
-16	-6	222
-16	-5	222
-16	-3	222
-16	-2	222
-16	0	222
-16	1	222
-16	3	222
-16	5	222
-16	8	222
-16	11	222
-16	14	222
-16	17	222
-16	25	222
-16	29	222
-15	29	222
-13	28	222
-12	28	222
-10	29	222
-9	29	222
-6	17	222
-5	19	222
-1	16	222
0	28	222
0	29	222
1	29	222
3	29	222
4	29	222
6	29	222
7	29	222
8	29	222
10	29	222
19	29	222
20	29	222
22	29	222
23	29	222
25	29	222
27	29	222
28	30	222
28	26	222
28	23	222
29	20	222
29	17	222
10	-16	222
10	-16	222
10	-17	222
10	-18	222
10	-19	222
10	-19	222
10	-20	222
10	-20	222
10	-21	222
10	-22	222
10	-22	222
10	-22	222
10	-23	222
10	-23	222
10	-24	222
10	-24	222
10	-24	222
10	-25	222
10	-25	222
10	-25	222
10	-26	222
10	-26	222
10	-26	222
10	-27	222
10	-27	222
10	-27	222
10	-28	222
10	-28	222
10	-28	222
10	-28	222
10	-29	222
10	-29	222
10	-29	222
10	-29	222
10	-30	222
10	-30	222
10	-30	222
10	-30	222
10	-30	222
10	-31	222
10	-31	222
10	-31	222
10	-31	222
10	-31	222
10	-31	222
10	-31	222
10	-31	222
10	-31	222
10	-32	222
10	-32	222
10	-32	222
10	-33	222
10	-33	222
10	-33	222
10	-33	222
10	-33	222
10	-34	222
10	-34	222
10	-34	222
10	-34	222
10	-35	222
10	-35	222
10	-35	222
10	-35	222
10	-36	222
10	-36	222
10	-36	222
10	-36	222
10	-37	222
10	-37	222
10	-37	222
10	-38	222
10	-38	222
10	-38	222
10	-39	222
10	-39	222
10	-39	222
10	-40	222
10	-40	222
10	-41	222
10	-41	222
10	-42	222
10	-42	222
10	-43	222
10	-43	222
10	-44	222
10	-44	222
10	-45	222
10	-46	222
10	-46	222
10	-47	222
10	-48	222
10	-49	222
10	-50	222
10	-51	222
10	-52	222
10	-53	222
10	-55	222
10	-56	222
10	-58	222
10	-58	222
9	-60	222
9	-60	222
8	-59	222
7	-60	222
7	-60	222
6	-60	222
5	-60	222
5	-60	222
4	-59	222
3	-60	222
2	-60	222
2	-60	222
1	-60	222
0	-60	222
0	-60	222
0	-59	222
0	-59	222
0	-59	222
0	-59	222
0	-59	222
-1	-59	222
-1	-59	222
-1	-59	222
-1	-59	222
-1	-59	222
-2	-59	222
-2	-59	222
-2	-59	222
-2	-59	222
-2	-59	222
-2	-59	222
-3	-59	222
-3	-59	222
-3	-59	222
-4	-59	222
-4	-59	222
-4	-59	222
-4	-59	222
-4	-59	222
-5	-59	222
-5	-59	222
-5	-59	222
-5	-59	222
-6	-59	222
-6	-59	222
-6	-58	222
-6	-59	222
-7	-59	222
-7	-59	222
-7	-59	222
-8	-58	222
-8	-58	222
-9	-58	222
-9	-58	222
-9	-59	222
-10	-58	222
-10	-58	222
-10	-59	222
-11	-58	222
-11	-58	222
-12	-58	222
-13	-58	222
-13	-58	222
-14	-58	222
-14	-58	222
-15	-58	222
-16	-58	222
-17	-58	222
-18	-59	222
-19	-58	222
-20	-59	222
-21	-58	222
-22	-59	222
-24	-58	222
-25	-59	222
-27	-59	222
-29	-59	222
-32	-59	222
-37	-59	222
-43	-58	222
-43	-57	222
-43	-56	222
-43	-55	222
-43	-54	222
-42	-53	222
-42	-52	222
-42	-51	222
-42	-50	222
-42	-50	222
-42	-49	222
-42	-48	222
-42	-47	222
-42	-46	222
-42	-46	222
-42	-45	222
-42	-44	222
-42	-43	222
-42	-42	222
-42	-41	222
-42	-40	222
-42	-39	222
-42	-38	222
-42	-37	222
-42	-36	222
-42	-35	222
-42	-33	222
-42	-32	222
-42	-31	222
-42	-31	222
-42	-30	222
-15	-41	222
-15	-41	222
-15	-40	222
-16	-40	222
-15	-39	222
-15	-39	222
-15	-38	222
-15	-38	222
-15	-37	222
-15	-37	222
-15	-36	222
-15	-35	222
-15	-35	222
-15	-34	222
-15	-33	222
-15	-33	222
-15	-32	222
-15	-31	222
-15	-31	222
-15	-30	222
-15	-29	222
-15	-28	222
-15	-27	222
-15	-26	222
-15	-25	222
-15	-23	222
-15	-22	222
-15	-21	222
-15	-18	222
-15	-17	222
-15	-15	222
-15	-12	222
-15	-11	222
-15	-8	222
-15	-5	222
-16	-1	222
-14	29	222
-12	29	222
-10	29	222
-8	28	222
-6	28	222
-2	11	222
0	28	222
2	28	222
4	28	222
5	28	222
7	28	222
9	28	222
11	28	222
17	28	222
19	29	222
21	28	222
22	28	222
11	-17	222
10	-20	222
10	-23	222
10	-25	222
10	-27	222
10	-29	222
10	-30	222
10	-31	222
10	-32	222
10	-33	222
10	-34	222
10	-35	222
10	-35	222
10	-36	222
10	-37	222
10	-38	222
10	-38	222
10	-39	222
10	-40	222
10	-40	222
10	-41	222
10	-41	222
10	-41	222
10	-42	222
10	-42	222
10	-43	222
10	-43	222
10	-44	222
10	-44	222
10	-44	222
10	-45	222
10	-45	222
10	-45	222
10	-46	222
10	-46	222
10	-46	222
10	-46	222
10	-47	222
10	-47	222
10	-47	222
10	-48	222
10	-48	222
10	-48	222
10	-48	222
10	-48	222
10	-49	222
10	-49	222
10	-49	222
10	-49	222
10	-50	222
10	-50	222
10	-50	222
10	-50	222
10	-50	222
10	-50	222
10	-50	222
10	-50	222
10	-50	222
10	-51	222
10	-51	222
10	-51	222
9	-51	222
9	-52	222
10	-52	222
9	-52	222
10	-52	222
10	-52	222
10	-53	222
9	-53	222
9	-53	222
9	-53	222
9	-54	222
9	-54	222
10	-54	222
9	-54	222
10	-55	222
10	-55	222
10	-55	222
9	-56	222
9	-56	222
9	-56	222
9	-56	222
9	-57	222
9	-57	222
9	-57	222
9	-58	222
10	-58	222
9	-59	222
10	-59	222
9	-59	222
9	-59	222
8	-59	222
8	-59	222
7	-59	222
7	-59	222
7	-59	222
6	-59	222
6	-59	222
6	-59	222
5	-59	222
5	-59	222
5	-59	222
4	-59	222
4	-59	222
4	-59	222
4	-59	222
3	-59	222
3	-59	222
3	-59	222
3	-59	222
2	-59	222
2	-59	222
2	-59	222
2	-59	222
1	-59	222
1	-59	222
1	-59	222
1	-59	222
1	-59	222
0	-59	222
0	-59	222
0	-59	222
0	-59	222
-1	-58	222
-1	-58	222
-1	-58	222
-1	-58	222
-1	-58	222
-2	-58	222
-2	-58	222
-2	-58	222
-2	-58	222
-2	-58	222
-3	-58	222
-3	-58	222
-3	-58	222
-3	-58	222
-4	-58	222
-4	-58	222
-4	-58	222
-4	-58	222
-5	-58	222
-5	-58	222
-5	-58	222
-5	-58	222
-6	-57	222
-6	-58	222
-6	-58	222
-6	-58	222
-7	-58	222
-7	-58	222
-8	-58	222
-8	-58	222
-8	-58	222
-9	-58	222
-9	-58	222
-10	-58	222
-10	-58	222
-10	-58	222
-11	-58	222
-11	-58	222
-12	-57	222
-13	-57	222
-13	-58	222
-14	-58	222
-14	-58	222
-15	-58	222
-16	-58	222
-17	-58	222
-18	-57	222
-19	-58	222
-20	-58	222
-21	-58	222
-23	-57	222
-25	-58	222
-27	-58	222
-29	-57	222
-31	-58	222
-34	-58	222
-42	-57	222
-42	-56	222
-42	-55	222
-42	-54	222
-42	-53	222
-42	-52	222
-42	-51	222
-42	-50	222
-42	-50	222
-42	-49	222
-42	-48	222
-42	-47	222
-41	-46	222
-41	-45	222
-42	-44	222
-42	-43	222
-42	-43	222
-42	-42	222
-41	-41	222
-41	-40	222
-41	-39	222
-41	-38	222
-41	-37	222
-42	-36	222
-41	-35	222
-41	-34	222
-41	-33	222
-41	-32	222
-41	-31	222
-41	-31	222
-15	-42	222
-15	-42	222
-15	-41	222
-15	-41	222
-15	-40	222
-15	-40	222
-15	-39	222
-15	-39	222
-15	-38	222
-15	-38	222
-15	-37	222
-15	-36	222
-15	-36	222
-15	-35	222
-15	-34	222
-15	-34	222
-15	-33	222
-14	-32	222
-14	-31	222
-15	-30	222
-15	-29	222
-15	-28	222
-15	-28	222
-14	-27	222
-14	-26	222
-15	-24	222
-15	-22	222
-14	-21	222
-14	-19	222
-15	-17	222
-15	-16	222
-15	-13	222
-15	-12	222
-14	-9	222
-15	-6	222
-14	-3	222
-13	28	222
-11	29	222
-9	28	222
-7	28	222
-5	29	222
-3	15	222
0	18	222
1	28	222
3	27	222
5	27	222
7	27	222
8	27	222
10	27	222
12	28	222
17	28	222
19	28	222
21	28	222
22	28	222
10	-20	222
10	-23	222
10	-25	222
10	-27	222
10	-29	222
9	-31	222
10	-31	222
10	-32	222
10	-33	222
10	-34	222
9	-35	222
9	-36	222
9	-37	222
9	-38	222
10	-38	222
10	-39	222
10	-39	222
9	-40	222
9	-40	222
9	-41	222
9	-41	222
9	-42	222
9	-42	222
9	-43	222
9	-43	222
9	-44	222
9	-44	222
9	-44	222
9	-45	222
9	-45	222
10	-45	222
9	-46	222
9	-46	222
9	-46	222
9	-46	222
9	-47	222
9	-47	222
9	-47	222
9	-48	222
9	-48	222
9	-48	222
9	-48	222
9	-49	222
9	-49	222
9	-49	222
9	-49	222
9	-50	222
9	-50	222
9	-50	222
9	-50	222
9	-50	222
9	-50	222
9	-50	222
9	-50	222
9	-50	222
8	-51	222
9	-51	222
9	-51	222
9	-51	222
9	-51	222
9	-51	222
9	-51	222
9	-51	222
9	-51	222
9	-52	222
9	-52	222
9	-52	222
9	-52	222
9	-53	222
9	-53	222
9	-53	222
9	-53	222
9	-54	222
9	-54	222
9	-54	222
9	-54	222
9	-55	222
9	-55	222
9	-55	222
9	-55	222
8	-56	222
8	-56	222
9	-56	222
9	-57	222
9	-57	222
9	-57	222
9	-58	222
9	-58	222
8	-58	222
8	-58	222
8	-58	222
7	-59	222
7	-59	222
6	-59	222
6	-59	222
6	-59	222
5	-59	222
5	-59	222
5	-59	222
4	-58	222
4	-58	222
4	-58	222
3	-58	222
3	-58	222
3	-58	222
3	-58	222
3	-58	222
2	-58	222
2	-58	222
2	-58	222
1	-58	222
1	-58	222
1	-58	222
1	-58	222
1	-58	222
0	-58	222
0	-59	222
0	-58	222
0	-59	222
0	-59	222
0	-59	222
0	-59	222
0	-59	222
0	-59	222
0	-59	222
-1	-58	222
-1	-58	222
-1	-58	222
-1	-58	222
-41	-43	222
-41	-42	222
-41	-41	222
-40	-40	222
-40	-40	222
-40	-39	222
-40	-38	222
-41	-37	222
-40	-35	222
-40	-34	222
-40	-33	222
-40	-32	222
-40	-31	222
-41	-31	222
-40	-30	222
-14	-42	222
-14	-41	222
-14	-41	222
-14	-41	222
-14	-40	222
-14	-39	222
-14	-39	222
-14	-38	222
-14	-38	222
-14	-37	222
-14	-37	222
-14	-36	222
-14	-35	222
-14	-35	222
-14	-34	222
-14	-33	222
-13	-32	222
-13	-32	222
-13	-31	222
-14	-31	222
-14	-30	222
-14	-29	222
-14	-28	222
-13	-27	222
-13	-25	222
-14	-24	222
-14	-23	222
-13	-21	222
-14	-18	222
-14	-17	222
-13	-15	222
-14	-12	222
-13	-10	222
-14	-7	222
-13	-4	222
-14	-1	222
-10	29	222
-8	28	222
-6	28	222
-4	29	222
-2	27	222
-1	27	222
0	28	222
2	27	222
4	27	222
6	28	222
8	27	222
10	27	222
11	27	222
13	27	222
14	27	222
11	5	222
19	26	222
20	27	222
22	27	222
24	26	222
10	-19	222
10	-22	222
10	-24	222
10	-26	222
10	-28	222
9	-30	222
10	-31	222
10	-32	222
10	-33	222
10	-34	222
9	-35	222
9	-36	222
9	-37	222
9	-38	222
10	-39	222
10	-39	222
9	-40	222
9	-41	222
9	-41	222
9	-42	222
9	-42	222
9	-43	222
9	-43	222
9	-43	222
9	-44	222
9	-44	222
9	-45	222
9	-45	222
9	-45	222
8	-46	222
8	-46	222
9	-46	222
9	-47	222
9	-47	222
9	-47	222
9	-47	222
9	-48	222
9	-48	222
9	-48	222
9	-48	222
9	-49	222
9	-49	222
9	-49	222
9	-50	222
9	-50	222
9	-50	222
9	-50	222
9	-50	222
9	-50	222
9	-50	222
9	-50	222
9	-50	222
8	-51	222
8	-51	222
8	-51	222
8	-51	222
8	-51	222
8	-51	222
8	-51	222
8	-51	222
8	-51	222
8	-51	222
8	-51	222
8	-51	222
8	-51	222
8	-52	222
8	-52	222
8	-52	222
8	-52	222
8	-52	222
8	-53	222
8	-53	222
8	-53	222
8	-53	222
8	-54	222
8	-54	222
8	-54	222
8	-55	222
8	-55	222
8	-55	222
8	-55	222
8	-56	222
8	-56	222
8	-56	222
8	-57	222
8	-57	222
8	-57	222
8	-58	222
8	-58	222
7	-58	222
7	-58	222
6	-58	222
6	-58	222
6	-58	222
5	-58	222
5	-58	222
5	-59	222
4	-58	222
4	-58	222
4	-58	222
3	-58	222
3	-58	222
3	-58	222
3	-58	222
2	-58	222
2	-58	222
2	-58	222
1	-58	222
1	-58	222
1	-58	222
1	-58	222
1	-58	222
0	-58	222
0	-58	222
0	-58	222
0	-58	222
0	-58	222
0	-58	222
0	-58	222
0	-58	222
0	-58	222
-1	-57	222
-1	-57	222
-1	-57	222
-1	-57	222
-1	-57	222
-1	-57	222
-1	-57	222
-1	-57	222
-1	-57	222
-1	-57	222
-1	-57	222
-1	-57	222
-1	-57	222
-1	-57	222
-1	-57	222
-2	-57	222
-2	-57	222
-2	-57	222
-2	-57	222
-3	-57	222
-3	-57	222
-3	-57	222
-3	-57	222
-3	-57	222
-4	-57	222
-4	-57	222
-4	-57	222
-4	-57	222
-5	-57	222
-5	-57	222
-5	-57	222
-5	-57	222
-6	-57	222
-6	-57	222
-6	-57	222
-7	-56	222
-7	-57	222
-7	-57	222
-8	-57	222
-8	-57	222
-8	-57	222
-9	-57	222
-9	-57	222
-10	-57	222
-10	-57	222
-10	-57	222
-11	-57	222
-12	-56	222
-12	-56	222
-13	-56	222
-13	-56	222
-14	-57	222
-15	-57	222
-15	-57	222
-16	-57	222
-17	-57	222
-18	-56	222
-19	-56	222
-21	-57	222
-22	-57	222
-24	-56	222
-25	-57	222
-27	-57	222
-29	-56	222
-32	-57	222
-35	-56	222
-42	-55	222
-42	-54	222
-42	-53	222
-42	-52	222
-41	-51	222
-41	-50	222
-42	-50	222
-42	-49	222
-42	-48	222
-42	-47	222
-41	-46	222
-41	-45	222
-41	-44	222
-42	-43	222
-41	-43	222
-41	-43	222
-41	-43	222
-41	-42	222
-41	-41	222
-41	-41	222
-40	-40	222
-41	-39	222
-41	-38	222
-41	-38	222
-41	-37	222
-41	-36	222
-40	-35	222
-40	-34	222
-41	-34	222
-41	-33	222
-41	-32	222
-41	-31	222
-41	-31	222
-41	-30	222
-62	-12	222
-61	-11	222
-78	3	222
-77	5	222
-75	7	222
-66	0	222
-63	0	222
-63	1	222
-62	2	222
-61	4	222
-61	7	222
-14	-43	222
-14	-43	222
-14	-42	222
-14	-42	222
-14	-42	222
-14	-41	222
-14	-40	222
-14	-39	222
-14	-36	222
-15	27	222
-13	27	222
-11	27	222
-10	27	222
-8	27	222
-6	27	222
-3	27	222
-2	27	222
0	28	222
1	28	222
3	28	222
4	28	222
5	29	222
7	28	222
9	28	222
10	25	222
9	20	222
9	14	222
10	10	222
19	28	222
21	28	222
23	29	222
25	28	222
26	25	222
26	21	222
25	18	222
26	14	222
8	-16	222
7	-18	222
7	-19	222
8	-21	222
8	-22	222
8	-23	222
7	-25	222
8	-27	222
8	-28	222
8	-29	222
7	-30	222
7	-31	222
8	-31	222
8	-31	222
8	-32	222
8	-33	222
8	-34	222
7	-35	222
8	-35	222
8	-36	222
8	-37	222
8	-37	222
8	-38	222
8	-38	222
8	-39	222
7	-40	222
8	-40	222
8	-41	222
8	-41	222
8	-42	222
8	-42	222
8	-43	222
8	-44	222
8	-44	222
8	-45	222
9	-45	222
8	-46	222
8	-46	222
8	-47	222
8	-47	222
8	-48	222
8	-48	222
8	-49	222
8	-49	222
9	-50	222
9	-50	222
9	-50	222
9	-50	222
8	-51	222
8	-51	222
8	-51	222
7	-51	222
7	-51	222
8	-51	222
8	-52	222
8	-52	222
8	-53	222
8	-53	222
8	-54	222
8	-54	222
8	-55	222
9	-55	222
8	-56	222
8	-57	222
8	-57	222
7	-58	222
6	-58	222
5	-58	222
4	-57	222
3	-57	222
2	-58	222
1	-58	222
0	-58	222
0	-58	222
0	-58	222
-1	-57	222
-1	-57	222
-1	-56	222
-1	-57	222
-1	-57	222
-1	-57	222
-2	-57	222
-2	-57	222
-3	-57	222
-3	-57	222
-3	-57	222
-4	-57	222
-4	-57	222
-5	-57	222
-5	-57	222
-5	-58	222
-6	-57	222
-6	-57	222
-6	-57	222
-7	-57	222
-7	-57	222
-7	-57	222
-8	-57	222
-8	-57	222
-8	-57	222
-8	-57	222
-9	-57	222
-9	-57	222
-9	-57	222
-9	-57	222
-10	-57	222
-10	-57	222
-10	-57	222
-11	-57	222
-11	-58	222
-11	-58	222
-11	-58	222
-11	-58	222
-12	-57	222
-12	-57	222
-12	-57	222
-13	-57	222
-13	-57	222
-13	-57	222
-13	-57	222
-13	-57	222
-13	-57	222
-13	-57	222
-13	-57	222
-13	-57	222
-14	-57	222
-14	-57	222
-14	-57	222
-15	-57	222
-15	-58	222
-15	-58	222
-15	-58	222
-16	-58	222
-16	-58	222
-16	-58	222
-17	-58	222
-17	-58	222
-17	-58	222
-18	-57	222
-18	-57	222
-18	-57	222
-19	-57	222
-19	-58	222
-19	-58	222
-20	-58	222
-20	-58	222
-21	-58	222
-21	-58	222
-22	-58	222
-22	-58	222
-23	-57	222
-23	-58	222
-24	-58	222
-25	-58	222
-25	-58	222
-26	-58	222
-27	-58	222
-28	-59	222
-29	-59	222
-30	-58	222
-30	-58	222
-32	-59	222
-34	-59	222
-35	-59	222
-36	-58	222
-37	-59	222
-40	-59	222
-41	-59	222
-41	-58	222
-41	-57	222
-41	-56	222
-41	-55	222
-41	-55	222
-41	-54	222
-41	-53	222
-41	-53	222
-41	-52	222
-41	-51	222
-41	-50	222
-41	-50	222
-41	-50	222
-41	-50	222
-41	-49	222
-41	-48	222
-41	-47	222
-42	-47	222
-41	-46	222
-41	-45	222
-41	-45	222
-41	-44	222
-41	-43	222
-41	-43	222
-41	-43	222
-40	-43	222
-40	-43	222
-40	-43	222
-40	-43	222
-40	-42	222
-40	-42	222
-40	-42	222
-40	-42	222
-40	-41	222
-41	-41	222
-41	-41	222
-40	-40	222
-40	-40	222
-40	-40	222
-40	-39	222
-40	-39	222
-40	-39	222
-40	-39	222
-40	-38	222
-40	-38	222
-40	-37	222
-40	-37	222
-40	-37	222
-40	-36	222
-40	-36	222
-39	-35	222
-40	-35	222
-40	-35	222
-40	-34	222
-40	-34	222
-40	-33	222
-40	-33	222
-40	-32	222
-40	-31	222
-40	-31	222
-41	-31	222
-40	-30	222
-40	-30	222
-40	-29	222
-62	9	222
-62	12	222
-61	15	222
-62	19	222
-62	24	222
-61	25	222
-59	26	222
-57	26	222
-55	25	222
-53	25	222
-41	-6	222
-42	2	222
-41	26	222
-39	27	222
-37	26	222
-36	26	222
-30	-12	222
-26	27	222
-24	27	222
-22	27	222
-21	26	222
-19	27	222
-17	27	222
-16	2	222
-16	-1	222
-15	-5	222
-16	-7	222
-15	-10	222
-16	-12	222
-15	-13	222
-15	-15	222
-15	-17	222
-15	-19	222
-15	-20	222
-15	-21	222
-15	-22	222
-15	-24	222
-15	-25	222
-15	-26	222
-15	-28	222
-15	-28	222
-15	-28	222
-15	-29	222
-15	-30	222
-15	-31	222
-15	-31	222
-14	-32	222
-15	-33	222
-15	-33	222
-15	-34	222
-15	-34	222
-15	-35	222
-15	-36	222
-15	-36	222
-15	-37	222
-15	-37	222
-15	-37	222
-15	-38	222
-15	-38	222
-15	-39	222
-15	-39	222
-15	-40	222
-15	-40	222
-15	-40	222
-15	-41	222
-15	-41	222
-15	-41	222
-15	-42	222
-15	-42	222
-15	-42	222
-15	-43	222
-14	-43	222
-14	-43	222
7	-41	222
7	-42	222
8	-43	222
8	-44	222
8	-45	222
7	-46	222
7	-47	222
8	-48	222
8	-49	222
8	-50	222
8	-50	222
7	-51	222
8	-51	222
7	-51	222
7	-51	222
7	-52	222
7	-53	222
8	-54	222
8	-55	222
7	-56	222
7	-57	222
7	-58	222
4	-58	222
2	-58	222
0	-59	222
-1	-58	222
-1	-57	222
-3	-58	222
-4	-58	222
-6	-57	222
-7	-57	222
-8	-58	222
-9	-58	222
-10	-58	222
-11	-58	222
-12	-57	222
-13	-57	222
-13	-58	222
-14	-58	222
-14	-58	222
-15	-58	222
-16	-58	222
-16	-58	222
-17	-58	222
-18	-58	222
-18	-58	222
-19	-58	222
-19	-58	222
-20	-58	222
-20	-58	222
-21	-58	222
-21	-58	222
-22	-58	222
-22	-58	222
-22	-58	222
-23	-58	222
-23	-58	222
-24	-58	222
-24	-58	222
-24	-58	222
-25	-58	222
-25	-58	222
-26	-58	222
-26	-58	222
-26	-58	222
-27	-58	222
-27	-58	222
-28	-59	222
-29	-59	222
-29	-59	222
-29	-59	222
-30	-58	222
-30	-58	222
-30	-58	222
-30	-58	222
-30	-58	222
-31	-58	222
-31	-58	222
-31	-58	222
-32	-58	222
-33	-59	222
-33	-59	222
-33	-59	222
-33	-59	222
-33	-59	222
-34	-59	222
-34	-59	222
-34	-59	222
-35	-59	222
-35	-59	222
-36	-58	222
-36	-58	222
-36	-59	222
-37	-59	222
-37	-59	222
-38	-59	222
-38	-59	222
-39	-59	222
-39	-59	222
-40	-59	222
-40	-59	222
-41	-58	222
-41	-58	222
-41	-57	222
-41	-57	222
-40	-56	222
-40	-56	222
-41	-55	222
-41	-54	222
-41	-54	222
-41	-53	222
-41	-53	222
-41	-52	222
-41	-52	222
-40	-51	222
-40	-51	222
-40	-50	222
-40	-50	222
-40	-50	222
-40	-50	222
-41	-50	222
-41	-50	222
-41	-49	222
-41	-49	222
-41	-49	222
-41	-48	222
-41	-48	222
-41	-48	222
-41	-47	222
-41	-47	222
-41	-47	222
-40	-46	222
-40	-46	222
-40	-46	222
-40	-46	222
-40	-45	222
-40	-45	222
-40	-45	222
-40	-45	222
-40	-44	222
-41	-44	222
-41	-44	222
-41	-44	222
-41	-43	222
-41	-43	222
-41	-43	222
-41	-43	222
-40	-43	222
-40	-43	222
-40	-43	222
-40	-43	222
-40	-43	222
-27	27	222
-26	26	222
-25	26	222
-23	26	222
-21	27	222
-20	26	222
-18	3	222
-18	0	222
-18	-3	222
-17	-7	222
-17	-9	222
-17	-12	222
-17	-13	222
-17	-15	222
-17	-17	222
-16	-18	222
-16	-20	222
-16	-21	222
-17	-22	222
-16	-24	222
-16	-25	222
-16	-26	222
-17	-27	222
-17	-28	222
-17	-29	222
-17	-29	222
-16	-30	222
-15	-30	222
-15	-31	222
-15	-31	222
-15	-31	222
-16	-32	222
-16	-32	222
-16	-33	222
-16	-33	222
-15	-35	222
-15	-35	222
-15	-36	222
-15	-36	222
-15	-37	222
-15	-37	222
-15	-38	222
-15	-38	222
-16	-39	222
-16	-39	222
-16	-39	222
-16	-39	222
-16	-39	222
-15	-41	222
-15	-41	222
-15	-41	222
-15	-42	222
-15	-42	222
-15	-42	222
-15	-43	222
-14	-43	222
7	-40	222
7	-41	222
7	-42	222
7	-43	222
7	-44	222
8	-45	222
7	-46	222
7	-47	222
7	-47	222
7	-48	222
8	-49	222
8	-50	222
8	-50	222
9	-50	222
8	-51	222
7	-51	222
7	-51	222
7	-52	222
7	-53	222
8	-54	222
9	-55	222
7	-56	222
5	-55	222
1	-57	222
0	-57	222
-1	-55	222
-2	-56	222
-3	-56	222
-5	-56	222
-6	-56	222
-7	-55	222
-9	-57	222
-10	-57	222
-11	-57	222
-12	-56	222
-13	-56	222
-13	-56	222
-13	-57	222
-13	-57	222
-14	-57	222
-15	-57	222
-15	-57	222
-16	-57	222
-17	-57	222
-17	-57	222
-18	-56	222
-18	-56	222
-19	-57	222
-19	-57	222
-20	-57	222
-20	-58	222
-21	-58	222
-21	-58	222
-22	-58	222
-22	-58	222
-23	-57	222
-23	-57	222
-23	-57	222
-24	-57	222
-24	-57	222
-25	-58	222
-25	-58	222
-25	-58	222
-26	-58	222
-26	-58	222
-27	-58	222
-27	-58	222
-27	-58	222
-28	-58	222
-28	-58	222
-28	-58	222
-29	-57	222
-29	-57	222
-29	-57	222
-30	-57	222
-30	-57	222
-30	-57	222
-30	-57	222
-30	-57	222
-31	-58	222
-31	-58	222
-31	-58	222
-33	-59	222
-33	-59	222
-33	-59	222
-33	-59	222
-33	-59	222
-33	-59	222
-34	-59	222
-34	-59	222
-35	-59	222
-35	-59	222
-36	-58	222
-36	-58	222
-36	-58	222
-37	-58	222
-37	-58	222
-38	-59	222
-38	-59	222
-39	-59	222
-39	-59	222
-40	-59	222
-40	-58	222
-39	-57	222
-39	-57	222
-39	-56	222
-39	-55	222
-39	-55	222
-40	-54	222
-40	-54	222
-40	-53	222
-40	-53	222
-39	-52	222
-39	-52	222
-39	-52	222
-39	-51	222
-39	-51	222
-39	-50	222
-39	-50	222
-39	-50	222
-39	-50	222
-39	-50	222
-39	-50	222
-40	-48	222
-40	-48	222
-40	-48	222
-40	-47	222
-40	-47	222
-40	-47	222
-40	-47	222
-39	-46	222
-39	-46	222
-39	-46	222
-39	-46	222
-39	-46	222
-39	-46	222
-39	-46	222
-39	-45	222
-39	-45	222
-39	-45	222
-39	-45	222
-39	-45	222
-39	-44	222
-39	-44	222
-40	-43	222
-39	-44	222
-40	-43	222
-40	-43	222
-40	-43	222
-40	-43	222
-40	-43	222
-40	-43	222
-40	-43	222
-40	-43	222
-40	-43	222
-40	-43	222
-40	-43	222
-40	-42	222
-40	-42	222
-40	-42	222
-40	-42	222
-40	-41	222
-40	-41	222
-40	-41	222
-39	-40	222
-39	-40	222
-39	-40	222
-39	-40	222
-39	-39	222
-39	-39	222
-39	-39	222
-39	-38	222
-39	-38	222
-40	-37	222
-40	-37	222
-40	-37	222
-40	-36	222
-40	-36	222
-39	-35	222
-39	-35	222
-39	-34	222
-39	-34	222
-39	-33	222
-39	-33	222
-40	-33	222
-41	-32	222
-41	-32	222
-41	-31	222
-41	-31	222
-40	-30	222
-64	9	222
-64	12	222
-64	15	222
-64	19	222
-63	23	222
-63	24	222
-61	23	222
-59	24	222
-57	25	222
-55	23	222
-42	-4	222
-43	0	222
-45	25	222
-43	24	222
-41	24	222
-39	26	222
-31	-13	222
-30	26	222
-28	26	222
-24	51	222
-21	52	222
-18	52	222
-11	63	222
-9	61	222
-17	7	222
-17	-3	222
-17	-7	222
-17	-10	222
-16	-13	222
-16	-15	222
-16	-18	222
-16	-20	222
-17	-22	222
-16	-24	222
-15	-26	222
-16	-28	222
-16	-28	222
-15	-29	222
-15	-31	222
-15	-31	222
-16	-32	222
-16	-33	222
-15	-35	222
-15	-36	222
-15	-37	222
-15	-38	222
-15	-38	222
-16	-39	222
-16	-39	222
-16	-39	222
-14	-41	222
-14	-42	222
-14	-42	222
-14	-43	222
-15	-44	222
7	-28	222
6	-29	222
6	-31	222
7	-32	222
8	-33	222
8	-34	222
7	-35	222
7	-37	222
8	-38	222
8	-39	222
7	-40	222
7	-41	222
7	-42	222
7	-43	222
7	-44	222
8	-45	222
7	-46	222
8	-47	222
8	-47	222
8	-48	222
8	-49	222
8	-50	222
9	-50	222
8	-51	222
7	-51	222
7	-51	222
7	-51	222
7	-52	222
7	-52	222
7	-53	222
8	-54	222
9	-54	222
7	-56	222
-4	-56	222
-7	-55	222
-9	-56	222
-11	-56	222
-13	-55	222
-13	-55	222
-13	-57	222
-15	-57	222
-16	-57	222
-17	-57	222
-17	-57	222
-18	-56	222
-19	-57	222
-19	-57	222
-20	-57	222
-21	-57	222
-21	-57	222
-21	-57	222
-22	-57	222
-22	-57	222
-23	-57	222
-23	-57	222
-23	-57	222
-24	-56	222
-24	-56	222
-24	-56	222
-25	-57	222
-25	-57	222
-25	-57	222
-25	-57	222
-25	-57	222
-26	-57	222
-26	-57	222
-26	-57	222
-26	-57	222
-27	-57	222
-27	-57	222
-27	-57	222
-27	-57	222
-27	-57	222
-28	-57	222
-28	-58	222
-28	-57	222
-28	-58	222
-28	-58	222
-29	-57	222
-29	-57	222
-29	-57	222
-29	-57	222
-29	-57	222
-29	-57	222
-30	-57	222
-30	-57	222
-30	-57	222
-30	-57	222
-30	-57	222
-30	-57	222
-30	-57	222
-30	-57	222
-30	-57	222
-30	-57	222
-30	-57	222
-30	-57	222
-30	-57	222
-31	-57	222
-31	-57	222
-31	-57	222
-31	-57	222
-31	-57	222
-31	-57	222
-32	-58	222
-32	-58	222
-32	-58	222
-32	-58	222
-32	-58	222
-32	-58	222
-32	-58	222
-32	-58	222
-32	-58	222
-32	-58	222
-33	-58	222
-33	-58	222
-33	-58	222
-33	-58	222
-33	-58	222
-34	-58	222
-34	-58	222
-34	-58	222
-34	-58	222
-35	-57	222
-35	-57	222
-35	-57	222
-36	-57	222
-36	-57	222
-36	-57	222
-38	-58	222
-38	-58	222
-38	-59	222
-39	-59	222
-39	-59	222
-40	-59	222
-40	-58	222
-40	-58	222
-39	-57	222
-39	-57	222
-39	-57	222
-39	-56	222
-39	-56	222
-39	-56	222
-39	-55	222
-39	-55	222
-39	-55	222
-39	-55	222
-40	-54	222
-40	-54	222
-40	-54	222
-40	-54	222
-40	-53	222
-40	-53	222
-40	-53	222
-40	-53	222
-39	-52	222
-39	-52	222
-39	-52	222
-39	-52	222
-39	-51	222
-39	-51	222
-39	-51	222
-39	-51	222
-39	-51	222
-39	-51	222
-39	-51	222
-39	-51	222
-39	-50	222
-39	-50	222
-39	-50	222
-39	-50	222
-39	-50	222
-39	-50	222
-39	-50	222
-39	-50	222
-39	-50	222
-40	-48	222
-40	-48	222
-40	-48	222
-40	-48	222
-40	-47	222
-40	-47	222
-40	-47	222
-40	-47	222
-39	-46	222
-39	-46	222
-39	-46	222
-39	-46	222
-39	-46	222
-39	-46	222
-39	-45	222
-39	-45	222
-39	-45	222
-39	-44	222
-39	-44	222
-39	-44	222
-39	-44	222
-39	-44	222
-40	-43	222
-40	-43	222
-40	-43	222
-40	-43	222
-40	-42	222
-40	-42	222
-40	-41	222
-39	-40	222
-39	-40	222
-39	-39	222
-39	-38	222
-40	-37	222
-40	-37	222
-40	-36	222
-39	-35	222
-39	-34	222
-39	-32	222
-40	-31	222
-41	-31	222
-60	23	222
-58	24	222
-56	24	222
-54	24	222
-52	25	222
-42	25	222
-39	131	222
-32	51	222
-29	49	222
-27	50	222
-26	25	222
-24	25	222
-23	25	222
-22	26	222
-20	26	222
-19	0	222
-18	-3	222
-18	-7	222
-18	-10	222
-18	-12	222
-18	-14	222
-18	-16	222
-17	-18	222
-17	-20	222
-18	-22	222
-17	-23	222
-17	-25	222
-17	-26	222
-18	-27	222
-18	-28	222
-18	-29	222
-17	-30	222
-17	-31	222
-17	-31	222
-18	-32	222
-18	-33	222
-18	-33	222
-18	-34	222
-17	-35	222
-17	-35	222
-16	-36	222
-16	-36	222
-16	-37	222
-16	-37	222
-17	-38	222
-17	-38	222
-17	-39	222
-17	-39	222
-17	-40	222
-17	-40	222
-16	-40	222
-16	-40	222
-16	-40	222
-16	-41	222
-16	-41	222
-16	-41	222
-16	-42	222
-16	-42	222
-17	-43	222
-17	-43	222
-17	-43	222
-17	-44	222
5	-40	222
5	-41	222
5	-42	222
5	-42	222
6	-43	222
7	-45	222
6	-46	222
6	-47	222
6	-47	222
6	-48	222
6	-48	222
6	-49	222
6	-50	222
7	-50	222
7	-50	222
6	-51	222
5	-51	222
5	-51	222
5	-52	222
5	-52	222
5	-53	222
7	-54	222
7	-55	222
7	-56	222
5	-55	222
1	-57	222
0	-57	222
-1	-55	222
-2	-56	222
-4	-56	222
-6	-56	222
-7	-55	222
-8	-56	222
-9	-56	222
-11	-56	222
-12	-55	222
-13	-55	222
-13	-55	222
-13	-55	222
-14	-56	222
-15	-56	222
-16	-56	222
-16	-56	222
-17	-56	222
-17	-57	222
-17	-57	222
-18	-56	222
-18	-56	222
-19	-57	222
-19	-57	222
-20	-57	222
-20	-57	222
-21	-57	222
-21	-57	222
-22	-57	222
-22	-57	222
-23	-57	222
-23	-57	222
-24	-56	222
-24	-56	222
-24	-56	222
-25	-57	222
-25	-57	222
-25	-57	222
-26	-57	222
-26	-57	222
-26	-57	222
-27	-57	222
-27	-57	222
-27	-57	222
-28	-57	222
-28	-57	222
-28	-57	222
-29	-56	222
-29	-56	222
-29	-56	222
-30	-56	222
-30	-56	222
-30	-56	222
-30	-56	222
-30	-56	222
-30	-56	222
-31	-56	222
-31	-56	222
-31	-56	222
-32	-57	222
-32	-58	222
-32	-58	222
-32	-58	222
-32	-58	222
-33	-58	222
-33	-58	222
-33	-58	222
-34	-58	222
-34	-58	222
-34	-58	222
-35	-57	222
-35	-57	222
-36	-57	222
-36	-57	222
-38	-58	222
-38	-58	222
-38	-58	222
-39	-58	222
-39	-58	222
-40	-58	222
-40	-58	222
-41	-57	222
-41	-57	222
-42	-57	222
-41	-56	222
-41	-55	222
-41	-55	222
-41	-54	222
-42	-53	222
-42	-53	222
-42	-52	222
-42	-52	222
-41	-51	222
-41	-51	222
-41	-51	222
-41	-50	222
-41	-50	222
-41	-50	222
-41	-50	222
-41	-50	222
-41	-50	222
-41	-50	222
-41	-49	222
-41	-49	222
-41	-49	222
-42	-48	222
-42	-48	222
-42	-48	222
-42	-48	222
-42	-47	222
-42	-47	222
-42	-47	222
-41	-46	222
-41	-46	222
-41	-46	222
-41	-45	222
-41	-45	222
-41	-45	222
-41	-45	222
-41	-44	222
-41	-44	222
-41	-44	222
-41	-44	222
-41	-44	222
-41	-44	222
-41	-44	222
-41	-43	222
-41	-43	222
-41	-43	222
-41	-43	222
-41	-43	222
-41	-43	222
-41	-43	222
-41	-43	222
-41	-43	222
-41	-43	222
-41	-43	222
-41	-43	222
-41	-43	222
-41	-42	222
-41	-42	222
-41	-42	222
-41	-41	222
-41	-41	222
-41	-41	222
-40	-40	222
-40	-40	222
-40	-40	222
-40	-39	222
-40	-39	222
-40	-39	222
-40	-39	222
-42	-38	222
-42	-38	222
-42	-37	222
-42	-37	222
-42	-36	222
-42	-36	222
-41	-35	222
-41	-35	222
-41	-34	222
-41	-33	222
-41	-33	222
-42	-32	222
-42	-31	222
-42	-31	222
-63	1	222
-64	5	222
-60	4	222
-64	12	222
-64	15	222
-64	19	222
-63	23	222
-63	24	222
-61	23	222
-59	24	222
-57	24	222
-43	-7	222
-43	-3	222
-44	24	222
-42	24	222
-41	24	222
-38	24	222
-36	24	222
-35	24	222
-32	24	222
-30	24	222
-29	24	222
-27	26	222
-27	25	222
-26	24	222
-25	24	222
-23	24	222
-22	25	222
-20	25	222
-20	26	222
-18	19	222
-19	13	222
-19	9	222
-19	5	222
-19	1	222
-19	-1	222
-19	-2	222
-18	-6	222
-18	-8	222
-18	-10	222
-18	-11	222
-18	-12	222
-18	-13	222
-18	-15	222
-19	-16	222
-18	-17	222
-18	-18	222
-18	-19	222
-18	-20	222
-18	-21	222
-18	-21	222
-19	-22	222
-17	-23	222
-17	-23	222
-17	-24	222
-17	-25	222
-17	-25	222
-17	-26	222
-17	-26	222
-18	-27	222
-18	-27	222
-18	-28	222
-18	-28	222
-18	-29	222
-18	-29	222
-18	-29	222
-17	-30	222
-17	-30	222
-17	-31	222
-17	-31	222
-17	-31	222
-17	-31	222
-17	-31	222
-17	-31	222
-18	-32	222
-18	-32	222
-18	-32	222
-18	-33	222
-18	-33	222
-18	-33	222
-18	-33	222
-18	-34	222
-18	-34	222
-18	-34	222
-17	-35	222
-17	-35	222
-17	-35	222
-17	-36	222
-17	-36	222
-17	-36	222
-17	-36	222
-17	-36	222
-17	-36	222
-17	-36	222
-17	-37	222
-17	-37	222
-17	-37	222
-17	-37	222
-18	-38	222
-18	-38	222
-18	-38	222
-18	-39	222
-18	-39	222
-18	-39	222
-18	-39	222
-18	-40	222
-18	-40	222
-18	-40	222
-17	-41	222
-17	-41	222
-17	-42	222
-16	-41	222
-16	-41	222
-16	-42	222
-16	-42	222
-16	-42	222
-17	-43	222
-17	-44	222
0	-56	222
-1	-55	222
0	-54	222
-2	-56	222
-3	-55	222
-4	-55	222
-6	-56	222
-6	-54	222
-8	-56	222
-9	-56	222
-10	-56	222
-11	-56	222
-12	-55	222
-13	-55	222
-13	-55	222
-14	-56	222
-15	-56	222
-15	-56	222
-16	-56	222
-17	-56	222
-18	-55	222
-18	-55	222
-19	-55	222
-20	-56	222
-21	-56	222
-21	-56	222
-22	-56	222
-23	-56	222
-23	-56	222
-24	-55	222
-25	-55	222
-25	-55	222
-25	-57	222
-25	-57	222
-26	-57	222
-27	-57	222
-27	-57	222
-28	-57	222
-29	-56	222
-29	-56	222
-30	-56	222
-30	-56	222
-30	-56	222
-31	-56	222
-31	-56	222
-32	-57	222
-32	-57	222
-32	-57	222
-33	-57	222
-33	-57	222
-34	-57	222
-35	-56	222
-35	-56	222
-36	-56	222
-38	-58	222
-38	-58	222
-39	-58	222
-40	-58	222
-41	-57	222
-41	-57	222
-41	-56	222
-41	-55	222
-42	-53	222
-42	-52	222
-41	-51	222
-41	-50	222
-41	-50	222
-41	-50	222
-41	-49	222
-42	-48	222
-42	-47	222
-41	-46	222
-41	-46	222
-41	-45	222
-41	-44	222
-41	-44	222
-41	-44	222
-41	-43	222
-42	-44	222
-42	-44	222
-41	-43	222
-42	-43	222
-42	-43	222
-42	-43	222
-42	-43	222
-42	-43	222
-42	-43	222
-42	-43	222
-42	-42	222
-42	-42	222
-42	-42	222
-41	-41	222
-41	-41	222
-41	-41	222
-41	-40	222
-41	-40	222
-41	-40	222
-41	-39	222
-41	-39	222
-41	-39	222
-42	-38	222
-42	-38	222
-42	-38	222
-42	-37	222
-42	-37	222
-42	-37	222
-42	-36	222
-42	-36	222
-42	-36	222
-42	-36	222
-42	-36	222
-42	-36	222
-42	-36	222
-41	-35	222
-41	-35	222
-41	-35	222
-41	-34	222
-41	-34	222
-41	-34	222
-41	-34	222
-41	-33	222
-41	-33	222
-41	-33	222
-42	-32	222
-42	-32	222
-42	-32	222
-42	-31	222
-42	-31	222
-62	-20	222
-62	-19	222
-63	-18	222
-62	-17	222
-62	-15	222
-62	-14	222
-62	-13	222
-62	-12	222
-62	-12	222
-62	-11	222
-62	-9	222
-63	-9	222
-63	-7	222
-63	-6	222
-63	-4	222
-63	-2	222
-63	-1	222
-63	0	222
-63	2	222
-64	5	222
-64	7	222
-63	10	222
-64	12	222
-64	15	222
-63	17	222
-64	22	222
-63	23	222
-63	24	222
-43	-8	222
-43	-6	222
-43	-4	222
-42	-2	222
-43	0	222
-44	2	222
-44	9	222
-44	13	222
-45	24	222
-43	23	222
-42	23	222
-40	24	222
-31	24	222
-29	24	222
-29	24	222
-28	24	222
-27	23	222
-26	23	222
-25	23	222
-23	24	222
-22	24	222
-21	24	222
-20	24	222
-19	24	222
-20	21	222
-18	18	222
-19	15	222
-18	12	222
-19	10	222
-19	8	222
-19	6	222
-20	4	222
-19	3	222
-19	1	222
-19	0	222
-19	0	222
-19	-1	222
-19	-1	222
-19	-2	222
-19	-2	222
-19	-3	222
-18	-4	222
-19	-5	222
-19	-5	222
-19	-6	222
-19	-6	222
-19	-7	222
-19	-7	222
-19	-8	222
-19	-8	222
-19	-9	222
-19	-9	222
-19	-10	222
-19	-10	222
-19	-10	222
-19	-12	222
-19	-12	222
-19	-12	222
-19	-12	222
-19	-12	222
-19	-13	222
-19	-13	222
-19	-13	222
-19	-13	222
-18	-14	222
-18	-14	222
-18	-14	222
-18	-15	222
-18	-15	222
-18	-15	222
-19	-16	222
-19	-16	222
-19	-16	222
-19	-16	222
-19	-16	222
-18	-17	222
-18	-17	222
-18	-17	222
-18	-18	222
-18	-18	222
-18	-18	222
-18	-18	222
-18	-18	222
-18	-18	222
-18	-18	222
-18	-18	222
-18	-19	222
-18	-19	222
-18	-19	222
-18	-19	222
-18	-20	222
-18	-20	222
-18	-20	222
-18	-20	222
-18	-21	222
-18	-21	222
-18	-21	222
-18	-21	222
-19	-22	222
-19	-22	222
-19	-22	222
-18	-23	222
-18	-23	222
-18	-23	222
-18	-23	222
-18	-24	222
-18	-24	222
-18	-25	222
-18	-25	222
-18	-25	222
-18	-26	222
-18	-26	222
-18	-26	222
-18	-27	222
-18	-27	222
-19	-28	222
-19	-28	222
-19	-29	222
-19	-29	222
-17	-30	222
-17	-30	222
-17	-31	222
-17	-31	222
-17	-31	222
-18	-32	222
-18	-33	222
-18	-33	222
-18	-34	222
-17	-35	222
-17	-36	222
-17	-36	222
-17	-37	222
-18	-38	222
-18	-39	222
-17	-41	222
-18	-43	222
-13	-55	222
-14	-56	222
-15	-56	222
-16	-56	222
-17	-56	222
-18	-55	222
-19	-55	222
-20	-56	222
-22	-56	222
-23	-56	222
-24	-55	222
-25	-55	222
-25	-56	222
-26	-56	222
-27	-57	222
-28	-57	222
-29	-56	222
-30	-56	222
-30	-56	222
-31	-56	222
-32	-57	222
-32	-57	222
-33	-57	222
-34	-57	222
-36	-56	222
-37	-57	222
-39	-58	222
-40	-58	222
-41	-57	222
-42	-58	222
-42	-53	222
-42	-50	222
-42	-50	222
-43	-48	222
-42	-46	222
-42	-44	222
-42	-44	222
-42	-43	222
-42	-42	222
-41	-41	222
-41	-40	222
-42	-38	222
-42	-37	222
-42	-36	222
-42	-36	222
-41	-35	222
-41	-34	222
-41	-33	222
-41	-33	222
-42	-32	222
-42	-31	222
-42	-31	222
-61	-43	222
-62	-41	222
-62	-40	222
-62	-40	222
-61	-40	222
-61	-39	222
-61	-38	222
-62	-36	222
-62	-35	222
-62	-35	222
-62	-34	222
-61	-33	222
-61	-32	222
-61	-31	222
-61	-31	222
-62	-30	222
-62	-29	222
-62	-29	222
-61	-28	222
-61	-27	222
-61	-26	222
-61	-25	222
-63	-24	222
-63	-24	222
-63	-23	222
-62	-22	222
-62	-21	222
-62	-21	222
-62	-20	222
-62	-19	222
-63	-18	222
-62	-17	222
-62	-17	222
-62	-17	222
-62	-16	222
-62	-15	222
-62	-15	222
-62	-14	222
-62	-13	222
-62	-12	222
-62	-12	222
-64	-12	222
-63	-12	222
-63	-11	222
-63	-10	222
-63	-9	222
-63	-8	222
-63	-8	222
-63	-7	222
-63	-6	222
-63	-5	222
-63	-4	222
-63	-3	222
-63	-2	222
-43	-9	222
-43	-9	222
-43	-8	222
-43	-8	222
-43	-7	222
-43	-7	222
-43	-6	222
-43	-6	222
-43	-5	222
-43	-5	222
-43	-4	222
-43	-3	222
-42	-2	222
-42	-2	222
-43	-1	222
-43	0	222
-44	0	222
-44	0	222
-44	1	222
-44	2	222
-44	3	222
-44	4	222
-44	5	222
-44	7	222
-43	8	222
-44	10	222
-45	12	222
-44	14	222
-45	16	222
-44	19	222
-45	23	222
-44	22	222
-43	22	222
-42	22	222
-41	23	222
-40	23	222
-39	23	222
-38	23	222
-37	23	222
-32	23	222
-31	23	222
-30	23	222
-29	23	222
-28	24	222
-62	-19	222
-63	-18	222
-63	-18	222
-63	-17	222
-63	-17	222
-63	-16	222
-63	-15	222
-63	-15	222
-63	-14	222
-63	-14	222
-63	-13	222
-64	-12	222
-63	-12	222
-63	-12	222
-63	-11	222
-63	-10	222
-63	-9	222
-63	-8	222
-64	-6	222
-64	-6	222
-64	-5	222
-64	-4	222
-64	-3	222
-64	-2	222
-64	0	222
-64	0	222
-43	-10	222
-43	-9	222
-43	-8	222
-43	-8	222
-43	-7	222
-43	-7	222
-44	-7	222
-44	-7	222
-44	-6	222
-44	-5	222
-44	-5	222
-44	-4	222
-44	-3	222
-44	-2	222
-44	-1	222
-44	-1	222
-44	0	222
-44	0	222
-44	1	222
-44	3	222
-44	4	222
-44	5	222
-45	7	222
-44	8	222
-45	10	222
-45	11	222
-44	14	222
-45	16	222
-45	18	222
-45	22	222
-45	24	222
-44	22	222
-43	23	222
-42	23	222
-41	24	222
-40	24	222
-39	23	222
-38	23	222
-32	13	222
-32	14	222
-33	23	222
-30	18	222
-31	23	222
-31	23	222
-30	23	222
-29	24	222
-27	25	222
-27	25	222
-26	24	222
-25	24	222
-24	24	222
-23	24	222
-22	24	222
-21	24	222
-21	21	222
-20	17	222
-20	14	222
-20	11	222
-20	9	222
-20	7	222
-20	5	222
-20	3	222
-20	1	222
-21	0	222
-21	0	222
-21	-1	222
-21	-2	222
-21	-3	222
-21	-4	222
-21	-5	222
-21	-6	222
-21	-6	222
-20	-7	222
-20	-8	222
-20	-8	222
-20	-9	222
-20	-9	222
-20	-10	222
-20	-10	222
-21	-11	222
-21	-11	222
-20	-12	222
-20	-12	222
-20	-12	222
-20	-12	222
-20	-12	222
-20	-12	222
-20	-12	222
-20	-12	222
-20	-12	222
-20	-13	222
-20	-13	222
-20	-13	222
-20	-14	222
-20	-14	222
-20	-14	222
-20	-14	222
-21	-15	222
-21	-15	222
-21	-15	222
-21	-15	222
-20	-16	222
-20	-16	222
-20	-16	222
-20	-16	222
-20	-17	222
-20	-17	222
-20	-17	222
-20	-17	222
-20	-17	222
-20	-17	222
-20	-17	222
-20	-17	222
-20	-17	222
-19	-18	222
-19	-18	222
-19	-18	222
-19	-18	222
-19	-19	222
-19	-19	222
-19	-19	222
-19	-19	222
-19	-19	222
-19	-20	222
-19	-20	222
-19	-20	222
-19	-20	222
-19	-21	222
-19	-21	222
-19	-21	222
-19	-21	222
-20	-22	222
-20	-22	222
-21	-21	222
-20	-22	222
-19	-23	222
-20	-23	222
-19	-23	222
-20	-24	222
-20	-24	222
-20	-24	222
-20	-25	222
-19	-25	222
-20	-25	222
-20	-25	222
-20	-25	222
-20	-26	222
-19	-27	222
-21	-27	222
-20	-28	222
-20	-29	222
-20	-29	222
-20	-30	222
-20	-30	222
-19	-31	222
-19	-31	222
-19	-31	222
-20	-32	222
-20	-32	222
-20	-33	222
-20	-34	222
-19	-35	222
-19	-36	222
-19	-36	222
-20	-38	222
-20	-39	222
-20	-40	222
-18	-42	222
-14	-54	222
-15	-54	222
-15	-54	222
-17	-55	222
-18	-54	222
-19	-54	222
-20	-55	222
-21	-55	222
-22	-55	222
-23	-55	222
-25	-54	222
-26	-55	222
-27	-55	222
-28	-55	222
-28	-54	222
-29	-53	222
-30	-54	222
-30	-55	222
-30	-55	222
-31	-55	222
-32	-56	222
-32	-56	222
-34	-55	222
-34	-56	222
-35	-55	222
-36	-55	222
-37	-56	222
-38	-56	222
-40	-56	222
-41	-56	222
-42	-55	222
-43	-53	222
-42	-50	222
-43	-50	222
-44	-48	222
-43	-46	222
-43	-45	222
-42	-44	222
-42	-43	222
-42	-43	222
-42	-41	222
-42	-40	222
-42	-39	222
-43	-37	222
-43	-36	222
-43	-36	222
-43	-36	222
-42	-35	222
-42	-34	222
-42	-33	222
-43	-32	222
-43	-32	222
-43	-31	222
-44	-31	222
-44	-31	222
-63	-39	222
-63	-39	222
-61	-39	222
-61	-38	222
-62	-36	222
-62	-35	222
-62	-35	222
-62	-34	222
-61	-33	222
-61	-32	222
-61	-31	222
-61	-31	222
-63	-30	222
-63	-29	222
-62	-28	222
-62	-27	222
-62	-26	222
-62	-26	222
-62	-25	222
-63	-24	222
-63	-23	222
-62	-22	222
-62	-21	222
-62	-21	222
-62	-20	222
-62	-19	222
-62	-19	222
-62	-19	222
-63	-18	222
-63	-17	222
-63	-17	222
-63	-17	222
-63	-17	222
-63	-16	222
-63	-15	222
-63	-15	222
-63	-14	222
-63	-14	222
-63	-14	222
-63	-13	222
-64	-12	222
-64	-12	222
-63	-12	222
-63	-11	222
-63	-11	222
-63	-10	222
-63	-9	222
-63	-8	222
-63	-8	222
-64	-6	222
-64	-6	222
-64	-5	222
-64	-4	222
-64	-4	222
-64	-3	222
-64	-2	222
-64	0	222
-64	0	222
-64	1	222
-64	2	222
-64	3	222
-64	5	222
-65	6	222
-65	7	222
-65	9	222
-64	10	222
-64	11	222
-43	-10	222
-43	-9	222
-43	-9	222
-43	-8	222
-43	-8	222
-43	-7	222
-44	-7	222
-44	-7	222
-44	-6	222
-44	-5	222
-44	-4	222
-44	-3	222
-44	-2	222
-44	0	222
-44	0	222
-44	2	222
-44	3	222
-44	5	222
-44	8	222
-45	22	222
-45	23	222
-44	22	222
-43	22	222
-42	23	222
-41	24	222
-40	24	222
-39	23	222
-39	23	222
-38	23	222
-35	13	222
-33	13	222
-33	17	222
-32	16	222
-31	23	222
-30	23	222
-29	24	222
-27	25	222
-27	25	222
-26	24	222
-24	24	222
-23	24	222
-22	24	222
-23	23	222
-23	20	222
-21	18	222
-22	16	222
-22	14	222
-21	12	222
-22	10	222
-22	9	222
-22	7	222
-20	6	222
-21	5	222
-21	3	222
-21	2	222
-21	1	222
-21	0	222
-21	0	222
-21	-1	222
-21	-2	222
-21	-2	222
-21	-3	222
-21	-4	222
-22	-5	222
-22	-5	222
-22	-6	222
-21	-7	222
-21	-7	222
-21	-8	222
-21	-8	222
-21	-9	222
-21	-10	222
-21	-10	222
-22	-11	222
-22	-11	222
-21	-12	222
-21	-12	222
-21	-12	222
-21	-12	222
-21	-13	222
-21	-13	222
-21	-14	222
-21	-14	222
-21	-14	222
-22	-15	222
-22	-15	222
-22	-16	222
-22	-16	222
-21	-17	222
-21	-17	222
-21	-18	222
-21	-18	222
-21	-18	222
-21	-18	222
-21	-18	222
-20	-17	222
-20	-17	222
-20	-17	222
-20	-18	222
-20	-18	222
-20	-19	222
-20	-19	222
-20	-20	222
-20	-20	222
-20	-20	222
-21	-21	222
-21	-21	222
-20	-23	222
-20	-23	222
-20	-24	222
-20	-24	222
-20	-25	222
-20	-25	222
-20	-25	222
-20	-25	222
-20	-26	222
-20	-26	222
-21	-27	222
-21	-27	222
-20	-29	222
-20	-29	222
-20	-30	222
-19	-31	222
-19	-31	222
-19	-31	222
-20	-32	222
-20	-32	222
-20	-33	222
-20	-34	222
-19	-35	222
-19	-36	222
-19	-36	222
-19	-37	222
-19	-37	222
-20	-38	222
-20	-40	222
-19	-41	222
-18	-42	222
-8	-54	222
-10	-54	222
-11	-53	222
-12	-53	222
-14	-54	222
-15	-54	222
-15	-54	222
-18	-54	222
-19	-54	222
-20	-55	222
-21	-55	222
-22	-55	222
-24	-54	222
-25	-54	222
-26	-55	222
-27	-55	222
-28	-55	222
-28	-55	222
-29	-54	222
-29	-55	222
-30	-55	222
-30	-55	222
-31	-55	222
-32	-56	222
-33	-56	222
-33	-56	222
-34	-56	222
-35	-55	222
-36	-55	222
-37	-56	222
-38	-56	222
-39	-56	222
-40	-56	222
-41	-43	222
-41	-41	222
-41	-39	222
-42	-37	222
-42	-36	222
-41	-35	222
-41	-34	222
-41	-33	222
-42	-32	222
-42	-31	222
-43	-31	222
-43	-31	222
-61	-50	222
-61	-50	222
-61	-48	222
-62	-46	222
-61	-45	222
-61	-44	222
-61	-44	222
-61	-43	222
-63	-40	222
-63	-39	222
-62	-40	222
-62	-40	222
-61	-39	222
-61	-38	222
-62	-36	222
-62	-35	222
-62	-35	222
-62	-34	222
-61	-33	222
-61	-33	222
-61	-32	222
-61	-31	222
-61	-31	222
-61	-31	222
-63	-30	222
-63	-29	222
-62	-28	222
-62	-28	222
-62	-27	222
-62	-26	222
-62	-26	222
-62	-25	222
-63	-24	222
-63	-24	222
-63	-23	222
-63	-23	222
-62	-22	222
-62	-21	222
-62	-21	222
-62	-20	222
-62	-19	222
-62	-19	222
-61	-19	222
-61	-19	222
-61	-19	222
-61	-19	222
-61	-19	222
-61	-19	222
-62	-18	222
-62	-18	222
-62	-18	222
-62	-18	222
-62	-18	222
-62	-18	222
-62	-17	222
-62	-17	222
-62	-17	222
-62	-17	222
-62	-17	222
-62	-17	222
-62	-17	222
-62	-17	222
-62	-17	222
-62	-17	222
-62	-16	222
-62	-16	222
-62	-16	222
-62	-16	222
-62	-16	222
-62	-15	222
-62	-15	222
-62	-15	222
-62	-15	222
-62	-14	222
-62	-14	222
-62	-14	222
-62	-14	222
-62	-13	222
-62	-13	222
-62	-13	222
-62	-13	222
-62	-12	222
-62	-12	222
-62	-12	222
-62	-12	222
-62	-12	222
-62	-11	222
-62	-11	222
-62	-10	222
-62	-10	222
-62	-9	222
-62	-9	222
-62	-8	222
-62	-7	222
-62	-7	222
-63	-7	222
-63	-6	222
-63	-5	222
-63	-4	222
-63	-3	222
-63	-1	222
-63	0	222
-63	1	222
-63	2	222
-63	5	222
-64	8	222
-63	11	222
-63	23	222
-62	23	222
-61	22	222
-60	22	222
-59	22	222
-58	23	222
-57	23	222
-57	23	222
-56	23	222
-55	22	222
-55	23	222
-54	23	222
-53	24	222
-52	24	222
-51	24	222
-50	23	222
-49	23	222
-48	23	222
-47	23	222
-46	21	222
-45	16	222
-45	13	222
-46	12	222
-44	8	222
-45	6	222
-45	4	222
-44	3	222
-44	1	222
-45	0	222
-45	0	222
-45	-2	222
-45	-3	222
-45	-4	222
-45	-5	222
-45	-5	222
-45	-6	222
-45	-7	222
-44	-8	222
-44	-8	222
-45	-9	222
-44	-10	222
-44	-10	222
-43	-9	222
-22	11	222
-22	10	222
-22	8	222
-22	7	222
-20	6	222
-21	4	222
-21	3	222
-21	2	222
-21	1	222
-21	0	222
-21	0	222
-21	-1	222
-21	-2	222
-21	-3	222
-21	-4	222
-22	-5	222
-22	-6	222
-21	-7	222
-21	-8	222
-21	-9	222
-21	-10	222
-22	-11	222
-21	-12	222
-21	-12	222
-21	-13	222
-21	-14	222
-22	-15	222
-22	-15	222
-22	-16	222
-21	-17	222
-21	-18	222
-21	-18	222
-20	-17	222
-20	-18	222
-20	-18	222
-20	-19	222
-20	-20	222
-21	-21	222
-20	-23	222
-20	-24	222
-20	-25	222
-20	-25	222
-20	-25	222
-20	-26	222
-21	-27	222
-20	-29	222
-20	-30	222
-19	-31	222
-19	-31	222
-20	-32	222
-20	-33	222
-20	-34	222
-19	-35	222
-19	-36	222
-19	-36	222
-20	-38	222
-20	-39	222
-20	-40	222
-19	-41	222
1	-54	222
0	-52	222
-1	-53	222
-4	-54	222
-43	-30	222
-44	-31	222
-44	-31	222
-43	-31	222
-43	-31	222
-43	-32	222
-42	-33	222
-42	-33	222
-42	-34	222
-42	-35	222
-43	-36	222
-43	-36	222
-43	-36	222
-43	-37	222
-43	-38	222
-42	-39	222
-42	-41	222
-43	-42	222
-42	-43	222
-42	-43	222
-42	-44	222
-42	-45	222
-43	-47	222
-43	-49	222
-42	-50	222
-42	-52	222
-41	-56	222
-42	-55	222
-43	-56	222
-44	-56	222
-45	-56	222
-46	-56	222
-47	-55	222
-48	-55	222
-49	-56	222
-51	-56	222
-53	-56	222
-52	-55	222
-53	-55	222
-55	-57	222
-56	-57	222
-57	-58	222
-58	-57	222
-59	-57	222
-60	-57	222
-60	-43	222
-62	-41	222
-61	-40	222
-60	-39	222
-60	-38	222
-61	-36	222
-61	-36	222
-61	-35	222
-60	-34	222
-60	-33	222
-60	-32	222
-61	-31	222
-62	-30	222
-62	-30	222
-62	-29	222
-62	-29	222
-61	-28	222
-61	-28	222
-61	-27	222
-61	-27	222
-61	-26	222
-61	-26	222
-61	-26	222
-61	-25	222
-61	-25	222
-61	-25	222
-62	-24	222
-62	-24	222
-62	-24	222
-62	-23	222
-62	-23	222
-62	-23	222
-62	-23	222
-62	-23	222
-61	-22	222
-61	-22	222
-61	-22	222
-61	-22	222
-61	-21	222
-61	-21	222
-61	-21	222
-61	-21	222
-61	-21	222
-61	-20	222
-61	-20	222
-61	-20	222
-61	-20	222
-61	-20	222
-61	-20	222
-61	-19	222
-61	-19	222
-61	-19	222
-61	-19	222
-61	-19	222
-53	-56	222
-53	-56	222
-55	-57	222
-56	-57	222
-58	-57	222
-59	-57	222
-60	-57	222
-61	-48	222
-61	-45	222
-61	-43	222
-63	-40	222
-62	-40	222
-61	-39	222
-62	-36	222
-62	-35	222
-62	-35	222
-61	-33	222
-61	-32	222
-61	-31	222
-61	-31	222
-61	-31	222
-63	-30	222
-63	-29	222
-63	-29	222
-62	-28	222
-62	-28	222
-62	-27	222
-62	-27	222
-62	-26	222
-62	-26	222
-62	-26	222
-62	-25	222
-62	-25	222
-63	-24	222
-63	-24	222
-63	-24	222
-63	-24	222
-63	-23	222
-63	-23	222
-63	-23	222
-62	-22	222
-62	-22	222
-62	-22	222
-62	-22	222
-62	-21	222
-62	-21	222
-62	-21	222
-62	-21	222
-62	-21	222
-62	-20	222
-62	-20	222
-62	-20	222
-62	-20	222
-62	-19	222
-62	-19	222
-62	-19	222
-62	-19	222
-62	-19	222
-61	-19	222
-61	-19	222
-61	-19	222
-61	-19	222
-61	-19	222
-61	-19	222
-61	-19	222
-61	-19	222
-61	-19	222
-61	-19	222
-62	-18	222
-62	-18	222
-62	-18	222
-62	-18	222
-62	-18	222
-62	-18	222
-62	-18	222
-62	-17	222
-62	-17	222
-62	-17	222
-62	-17	222
-62	-17	222
-62	-17	222
-62	-17	222
-62	-17	222
-62	-16	222
-62	-16	222
-62	-16	222
-62	-16	222
-62	-16	222
-62	-16	222
-62	-15	222
-62	-15	222
-62	-15	222
-62	-15	222
-62	-14	222
-62	-14	222
-62	-14	222
-62	-13	222
-62	-13	222
-62	-13	222
-62	-12	222
-62	-12	222
-62	-12	222
-62	-12	222
-62	-12	222
-62	-12	222
-62	-11	222
-62	-11	222
-62	-10	222
-62	-10	222
-62	-9	222
-62	-9	222
-62	-8	222
-62	-7	222
-62	-7	222
-63	-7	222
-63	-6	222
-63	-5	222
-63	-4	222
-63	-3	222
-63	-2	222
-63	-1	222
-63	0	222
-63	1	222
-64	4	222
-65	6	222
-65	9	222
-65	19	222
-64	22	222
-64	21	222
-63	21	222
-62	20	222
-61	20	222
-59	21	222
-59	21	222
-58	21	222
-57	21	222
-58	20	222
-57	20	222
-56	21	222
-56	19	222
-55	20	222
-54	20	222
-52	21	222
-51	22	222
-50	21	222
-49	21	222
-48	21	222
-47	19	222
-46	16	222
-47	13	222
-47	10	222
-47	8	222
-46	4	222
-46	4	222
-46	1	222
-46	0	222
-46	-1	222
-46	-2	222
-46	-3	222
-46	-4	222
-46	-5	222
-46	-6	222
-46	-7	222
-45	-8	222
-45	-8	222
-46	-9	222
-45	-10	222
-45	-10	222
-45	-11	222
-45	-12	222
-45	-12	222
-45	-12	222
-23	9	222
-23	7	222
-21	6	222
-23	4	222
-22	3	222
-22	2	222
-22	1	222
-21	0	222
-22	0	222
-22	-2	222
-22	-3	222
-22	-4	222
-22	-5	222
-22	-6	222
-22	-7	222
-22	-8	222
-22	-8	222
-22	-9	222
-22	-10	222
-22	-11	222
-22	-12	222
-22	-12	222
-22	-13	222
-22	-14	222
-22	-14	222
-22	-15	222
-23	-16	222
-22	-17	222
-22	-18	222
-23	-18	222
-23	-18	222
-23	-18	222
-22	-18	222
-22	-19	222
-22	-20	222
-23	-21	222
-23	-22	222
-23	-22	222
-22	-23	222
-22	-24	222
-22	-25	222
-22	-26	222
-23	-27	222
-23	-28	222
-22	-29	222
-22	-30	222
-21	-30	222
-21	-30	222
-21	-31	222
-22	-31	222
-22	-32	222
-22	-33	222
-21	-35	222
-21	-35	222
-21	-36	222
-22	-37	222
-22	-38	222
-22	-39	222
-21	-41	222
-1	-53	222
-3	-53	222
-6	-53	222
-8	-54	222
-10	-54	222
-12	-53	222
-44	-31	222
-44	-31	222
-44	-31	222
-44	-31	222
-43	-33	222
-43	-34	222
-43	-34	222
-43	-35	222
-44	-36	222
-44	-36	222
-44	-37	222
-44	-38	222
-43	-39	222
-43	-40	222
-44	-42	222
-43	-43	222
-43	-43	222
-43	-44	222
-43	-45	222
-44	-47	222
-44	-49	222
-43	-51	222
-43	-53	222
-42	-57	222
-44	-58	222
-45	-58	222
-46	-58	222
-48	-57	222
-48	-57	222
-49	-57	222
-50	-58	222
-51	-58	222
-52	-58	222
-53	-57	222
-53	-56	222
-52	-55	222
-53	-55	222
-53	-55	222
-54	-56	222
-55	-56	222
-55	-56	222
-57	-57	222
-57	-57	222
-58	-56	222
-59	-56	222
-59	-56	222
-60	-56	222
-61	-58	222
-60	-54	222
-61	-52	222
-60	-50	222
-62	-51	222
-61	-50	222
-61	-49	222
-61	-48	222
-62	-47	222
-62	-46	222
-61	-45	222
-61	-45	222
-61	-45	222
-61	-44	222
-61	-44	222
-61	-44	222
-61	-44	222
-61	-43	222
-61	-43	222
-61	-42	222
-61	-42	222
-63	-40	222
-63	-40	222
-63	-40	222
-63	-39	222
-63	-39	222
-63	-39	222
-62	-40	222
-62	-40	222
-62	-40	222
-62	-40	222
-62	-40	222
-62	-40	222
-62	-40	222
-62	-40	222
-61	-39	222
-61	-39	222
-61	-39	222
-61	-39	222
-61	-38	222
-61	-38	222
-61	-38	222
-61	-38	222
-61	-38	222
-62	-36	222
-62	-36	222
-62	-36	222
-62	-36	222
-62	-35	222
-62	-35	222
-62	-35	222
-62	-35	222
-62	-35	222
-62	-35	222
-62	-35	222
-62	-35	222
-62	-35	222
-62	-35	222
-62	-35	222
-62	-35	222
-62	-35	222
-62	-35	222
-62	-35	222
-62	-35	222
-62	-34	222
-62	-34	222
-62	-34	222
-62	-34	222
-62	-34	222
-61	-33	222
-61	-33	222
-61	-33	222
-61	-33	222
-61	-33	222
-61	-33	222
-61	-32	222
-61	-32	222
-61	-32	222
-61	-32	222
-61	-31	222
-61	-31	222
-61	-31	222
-61	-31	222
-61	-31	222
-61	-31	222
-61	-31	222
-63	-30	222
-63	-30	222
-63	-30	222
-63	-29	222
-63	-29	222
-63	-29	222
-62	-28	222
-62	-28	222
-62	-28	222
-62	-27	222
-62	-27	222
-62	-26	222
-62	-26	222
-62	-25	222
-62	-25	222
-63	-24	222
-63	-23	222
-63	-23	222
-62	-22	222
-62	-21	222
-62	-20	222
-62	-19	222
-61	-19	222
-61	-19	222
-62	-18	222
-63	-17	222
-63	-15	222
-63	-14	222
-64	-12	222
-63	-11	222
-64	22	222
-64	21	222
-63	21	222
-61	20	222
-59	21	222
-57	21	222
-58	20	222
-57	20	222
-56	19	222
-54	20	222
-52	21	222
-51	21	222
-49	20	222
-48	21	222
-46	1	222
-46	-2	222
-46	-5	222
-45	-8	222
-45	-11	222
-38	12	222
-37	13	222
-36	11	222
-34	12	222
-30	22	222
-27	25	222
-26	24	222
-25	23	222
-25	21	222
-23	18	222
-24	15	222
-24	12	222
-24	10	222
-23	7	222
-22	5	222
-22	3	222
-23	1	222
-23	0	222
-22	-2	222
-22	-3	222
-22	-5	222
-22	-7	222
-22	-8	222
-22	-10	222
-23	-11	222
-23	-12	222
-23	-13	222
-45	-31	222
-45	-31	222
-45	-31	222
-45	-31	222
-45	-31	222
-44	-32	222
-44	-32	222
-44	-32	222
-44	-32	222
-44	-33	222
-44	-33	222
-44	-33	222
-44	-33	222
-44	-34	222
-44	-34	222
-44	-34	222
-45	-35	222
-45	-35	222
-45	-35	222
-45	-35	222
-45	-35	222
-45	-35	222
-45	-35	222
-45	-35	222
-45	-35	222
-45	-35	222
-45	-35	222
-45	-35	222
-45	-36	222
-45	-36	222
-45	-36	222
-45	-36	222
-45	-37	222
-45	-37	222
-45	-37	222
-45	-37	222
-45	-37	222
-44	-39	222
-44	-39	222
-44	-39	222
-44	-40	222
-44	-40	222
-44	-40	222
-44	-40	222
-44	-41	222
-44	-41	222
-44	-41	222
-44	-41	222
-45	-42	222
-45	-42	222
-45	-42	222
-44	-43	222
-44	-43	222
-44	-43	222
-44	-43	222
-44	-43	222
-44	-43	222
-44	-43	222
-44	-43	222
-44	-44	222
-44	-44	222
-44	-44	222
-44	-44	222
-44	-45	222
-44	-45	222
-44	-45	222
-44	-45	222
-44	-46	222
-45	-47	222
-45	-47	222
-45	-48	222
-45	-49	222
-44	-50	222
-44	-50	222
-44	-51	222
-43	-51	222
-44	-52	222
-44	-53	222
-43	-55	222
-43	-56	222
-43	-57	222
-44	-57	222
-44	-57	222
-45	-57	222
-46	-56	222
-46	-56	222
-47	-56	222
-48	-56	222
-48	-56	222
-50	-57	222
-51	-57	222
-51	-57	222
-52	-57	222
-53	-56	222
-53	-56	222
-52	-55	222
-52	-55	222
-52	-54	222
-52	-54	222
-52	-54	222
-52	-54	222
-52	-54	222
-52	-54	222
-53	-54	222
-53	-54	222
-53	-54	222
-53	-54	222
-53	-54	222
-54	-55	222
-54	-55	222
-54	-55	222
-54	-55	222
-54	-55	222
-54	-55	222
-55	-55	222
-55	-55	222
-55	-55	222
-55	-55	222
-55	-55	222
-56	-56	222
-56	-56	222
-56	-56	222
-56	-56	222
-56	-56	222
-57	-56	222
-57	-56	222
-57	-56	222
-57	-56	222
-58	-55	222
-58	-55	222
-58	-55	222
-59	-55	222
-59	-55	222
-59	-55	222
-59	-55	222
-60	-55	222
-60	-55	222
-60	-55	222
-60	-55	222
-60	-54	222
-60	-54	222
-60	-54	222
-60	-53	222
-60	-53	222
-60	-53	222
-61	-52	222
-61	-52	222
-61	-52	222
-61	-52	222
-61	-51	222
-61	-51	222
-61	-51	222
-61	-51	222
-61	-51	222
-60	-50	222
-60	-50	222
-60	-50	222
-62	-51	222
-62	-51	222
-62	-51	222
-62	-51	222
-62	-51	222
-61	-50	222
-61	-50	222
-61	-50	222
-61	-50	222
-61	-50	222
-61	-50	222
-61	-50	222
-61	-50	222
-61	-50	222
-61	-50	222
-61	-50	222
-61	-50	222
-61	-50	222
-61	-50	222
-61	-50	222
-61	-50	222
-61	-50	222
-61	-49	222
-61	-49	222
-61	-49	222
-61	-49	222
-61	-48	222
-61	-48	222
-61	-48	222
-61	-48	222
-61	-48	222
-61	-48	222
-62	-47	222
-62	-47	222
-62	-47	222
-62	-47	222
-62	-46	222
-62	-46	222
-62	-46	222
-62	-46	222
-61	-45	222
-61	-45	222
-61	-45	222
-61	-45	222
-61	-45	222
-61	-45	222
-61	-45	222
-61	-44	222
-61	-44	222
-61	-44	222
-61	-44	222
-61	-44	222
-61	-43	222
-61	-43	222
-61	-42	222
-61	-42	222
-63	-40	222
-63	-40	222
-63	-39	222
-63	-39	222
-62	-40	222
-62	-40	222
-62	-40	222
-61	-39	222
-61	-38	222
-62	-36	222
-62	-35	222
-62	-35	222
-62	-34	222
-61	-32	222
-62	-31	222
-64	-30	222
-63	-28	222
-63	-22	222
-63	-17	222
-64	21	222
-62	20	222
-61	20	222
-58	21	222
-58	20	222
-57	20	222
-55	20	222
-52	21	222
-50	20	222
-48	20	222
-39	23	222
-39	6	222
-37	5	222
-37	6	222
-30	22	222
-45	-31	222
-44	-33	222
-44	-34	222
-45	-35	222
-45	-35	222
-45	-36	222
-45	-37	222
-44	-39	222
-44	-40	222
-44	-41	222
-45	-42	222
-45	-42	222
-44	-43	222
-44	-43	222
-44	-43	222
-44	-43	222
-44	-43	222
-44	-44	222
-44	-44	222
-44	-44	222
-44	-44	222
-44	-44	222
-44	-45	222
-44	-45	222
-44	-45	222
-44	-45	222
-44	-45	222
-44	-46	222
-44	-46	222
-44	-46	222
-44	-46	222
-45	-47	222
-45	-47	222
-45	-47	222
-45	-48	222
-45	-48	222
-45	-48	222
-45	-48	222
-45	-49	222
-45	-49	222
-45	-49	222
-44	-50	222
-44	-50	222
-44	-50	222
-44	-50	222
-44	-50	222
-44	-50	222
-44	-50	222
-44	-50	222
-44	-50	222
-44	-50	222
-44	-50	222
-44	-50	222
-44	-50	222
-44	-51	222
-44	-51	222
-44	-51	222
-44	-51	222
-44	-51	222
-43	-51	222
-43	-51	222
-43	-51	222
-43	-51	222
-44	-52	222
-44	-52	222
-44	-52	222
-44	-52	222
-44	-53	222
-44	-53	222
-44	-53	222
-44	-53	222
-44	-54	222
-44	-54	222
-44	-54	222
-44	-54	222
-43	-55	222
-43	-55	222
-43	-55	222
-43	-56	222
-43	-56	222
-44	-56	222
-44	-56	222
-45	-56	222
-45	-56	222
-46	-55	222
-46	-55	222
-46	-55	222
-47	-55	222
-47	-55	222
-47	-55	222
-47	-55	222
-48	-55	222
-48	-55	222
-49	-56	222
-49	-56	222
-49	-56	222
-49	-56	222
-49	-56	222
-50	-56	222
-50	-56	222
-50	-56	222
-50	-56	222
-50	-56	222
-51	-56	222
-51	-56	222
-51	-56	222
-51	-56	222
-52	-55	222
-52	-55	222
-52	-55	222
-52	-55	222
-52	-55	222
-52	-55	222
-52	-54	222
-52	-54	222
-52	-54	222
-52	-54	222
-52	-54	222
-52	-54	222
