-2	-80	222
-4	-81	222
-6	-85	222
-15	-169	222
-21	-155	222
-26	-146	222
-30	-145	222
-29	-113	222
-31	-111	222
-33	-109	222
-35	-108	222
-38	-108	222
-41	-108	222
-44	-110	222
-63	-138	222
-65	-134	222
-93	-181	222
-69	-120	222
-70	-116	222
-71	-113	222
-74	-110	222
-76	-108	222
-78	-106	222
-66	-86	222
-65	-80	222
-48	-56	222
-65	-74	222
-67	-71	222
-67	-69	222
-69	-67	222
-70	-66	222
-38	-33	222
-37	-31	222
-36	-29	222
-36	-27	222
-36	-26	222
-36	-25	222
-36	-24	222
-37	-23	222
-37	-22	222
-33	-18	222
-32	-17	222
-32	-16	222
-31	-15	222
-31	-14	222
-31	-13	222
-30	-12	222
-30	-11	222
-30	-10	222
-29	-9	222
-29	-8	222
-29	-7	222
-29	-6	222
-28	-6	222
-28	-5	222
-28	-4	222
-27	-3	222
-27	-3	222
-27	-2	222
-27	-1	222
-27	-1	222
-26	0	222
-26	0	222
-26	0	222
-26	1	222
-25	1	222
-25	2	222
-25	2	222
-25	3	222
-25	3	222
-25	4	222
-24	5	222
-24	5	222
-24	6	222
-24	6	222
-24	7	222
-23	7	222
-23	8	222
-23	8	222
-23	9	222
-23	9	222
-22	10	222
-22	11	222
-22	11	222
-22	12	222
-22	12	222
-22	13	222
-21	13	222
-21	14	222
-21	14	222
-21	15	222
-21	16	222
-20	16	222
-20	17	222
-20	17	222
-20	18	222
-19	19	222
-19	19	222
-18	19	222
-16	18	222
-15	18	222
-14	18	222
-13	17	222
-12	17	222
-12	17	222
-11	16	222
-10	16	222
-9	16	222
-9	16	222
-8	16	222
-8	15	222
-7	15	222
-6	15	222
-6	15	222
-6	15	222
-5	15	222
-5	14	222
-4	14	222
-4	14	222
-3	14	222
-3	14	222
-2	14	222
-2	14	222
-2	13	222
-1	13	222
-1	13	222
-1	13	222
0	13	222
0	13	222
0	13	222
0	13	222
0	13	222
0	12	222
0	12	222
1	12	222
1	12	222
1	12	222
2	12	222
2	12	222
2	12	222
2	12	222
3	12	222
3	11	222
3	11	222
3	11	222
4	11	222
4	11	222
4	11	222
4	11	222
5	11	222
5	11	222
5	11	222
6	11	222
6	10	222
6	10	222
7	10	222
7	10	222
7	10	222
7	10	222
8	10	222
8	10	222
8	10	222
9	10	222
9	10	222
9	9	222
10	9	222
10	9	222
10	9	222
10	9	222
11	9	222
11	9	222
12	9	222
12	9	222
12	8	222
13	8	222
13	8	222
14	8	222
14	8	222
15	8	222
15	8	222
16	7	222
16	7	222
17	7	222
17	7	222
18	7	222
19	6	222
19	6	222
20	6	222
21	6	222
22	5	222
22	5	222
23	5	222
24	4	222
24	4	222
24	3	222
23	3	222
23	2	222
23	1	222
23	1	222
23	0	222
23	0	222
23	0	222
24	0	222
26	-1	222
29	-2	222
31	-2	222
35	-3	222
35	-4	222
35	-5	222
34	-6	222
34	-6	222
34	-7	222
34	-8	222
33	-9	222
33	-10	222
33	-10	222
33	-11	222
32	-12	222
32	-13	222
32	-13	222
32	-14	222
31	-15	222
31	-16	222
31	-16	222
31	-17	222
30	-18	222
30	-19	222
30	-20	222
29	-20	222
29	-21	222
29	-22	222
29	-23	222
28	-24	222
28	-24	222
28	-25	222
27	-26	222
27	-27	222
27	-28	222
26	-29	222
26	-30	222
26	-31	222
25	-32	222
25	-33	222
25	-34	222
24	-35	222
24	-36	222
23	-37	222
24	-39	222
23	-41	222
23	-42	222
22	-44	222
22	-46	222
21	-47	222
21	-49	222
22	-55	222
21	-57	222
21	-60	222
20	-62	222
20	-65	222
19	-67	222
18	-70	222
17	-72	222
14	-70	222
13	-73	222
12	-75	222
11	-76	222
9	-76	222
8	-77	222
3	-79	222
1	-79	222
14	-71	222
12	-71	222
11	-74	222
9	-75	222
8	-75	222
6	-77	222
0	-79	222
0	-78	222
-2	-79	222
-4	-79	222
-6	-81	222
-8	-83	222
-25	-154	222
-28	-152	222
-31	-147	222
-33	-144	222
-32	-112	222
-33	-109	222
-36	-108	222
-39	-107	222
-41	-107	222
-44	-106	222
-47	-108	222
-70	-140	222
-68	-132	222
-73	-117	222
-73	-113	222
-75	-110	222
-77	-107	222
-79	-105	222
-82	-103	222
-84	-102	222
-68	-77	222
-48	-52	222
-69	-68	222
-69	-66	222
-70	-65	222
-72	-63	222
-39	-31	222
-38	-29	222
-37	-27	222
-37	-26	222
-36	-25	222
-36	-23	222
-37	-22	222
-37	-21	222
-37	-20	222
-33	-17	222
-32	-15	222
-32	-14	222
-32	-12	222
-31	-11	222
-31	-11	222
-30	-10	222
-30	-9	222
-29	-8	222
-30	-7	222
-29	-7	222
-29	-6	222
-28	-6	222
-28	-6	222
-27	-4	222
-27	-3	222
-26	-3	222
-27	-2	222
-27	-1	222
-26	-1	222
-26	0	222
-25	0	222
-25	0	222
-25	0	222
-25	1	222
-24	1	222
-25	2	222
-25	2	222
-24	4	222
-24	4	222
-24	4	222
-23	5	222
-23	6	222
-23	6	222
-23	7	222
-23	7	222
-23	8	222
-22	8	222
-22	9	222
-22	9	222
-21	10	222
-21	10	222
-21	11	222
-21	11	222
-21	12	222
-21	12	222
-21	12	222
-20	14	222
-20	15	222
-20	15	222
-19	15	222
-19	16	222
-20	17	222
-19	17	222
-19	18	222
-18	18	222
-18	19	222
-18	19	222
-16	19	222
-15	18	222
-14	18	222
-12	17	222
-12	17	222
-11	16	222
-10	17	222
-9	16	222
-9	16	222
-8	16	222
-8	15	222
-7	15	222
-6	16	222
-6	15	222
-5	15	222
-5	15	222
-5	14	222
-4	14	222
-4	14	222
-3	14	222
-2	13	222
-2	13	222
-2	13	222
-2	13	222
-2	13	222
-1	12	222
-1	12	222
-1	12	222
0	13	222
0	13	222
0	12	222
0	12	222
0	12	222
0	12	222
0	12	222
0	12	222
1	11	222
1	11	222
1	11	222
1	11	222
2	11	222
2	11	222
2	10	222
2	10	222
3	11	222
3	11	222
3	11	222
3	11	222
4	10	222
4	10	222
4	10	222
4	10	222
4	10	222
5	10	222
5	10	222
6	9	222
6	9	222
7	9	222
7	9	222
7	9	222
7	9	222
8	8	222
8	8	222
8	8	222
8	8	222
9	9	222
9	9	222
9	9	222
10	8	222
10	8	222
10	8	222
10	8	222
11	8	222
11	7	222
11	7	222
12	7	222
12	7	222
13	8	222
13	7	222
13	7	222
14	7	222
14	7	222
16	6	222
16	6	222
16	6	222
17	5	222
18	5	222
18	5	222
19	5	222
19	5	222
20	4	222
21	4	222
21	4	222
22	4	222
23	4	222
23	4	222
23	3	222
23	3	222
23	1	222
23	1	222
23	0	222
23	0	222
22	0	222
22	0	222
22	-1	222
24	-1	222
27	-2	222
29	-2	222
31	-4	222
34	-4	222
34	-6	222
35	-6	222
34	-7	222
33	-8	222
33	-9	222
32	-10	222
32	-10	222
33	-11	222
32	-12	222
32	-12	222
31	-13	222
31	-14	222
30	-14	222
30	-15	222
31	-16	222
30	-17	222
30	-18	222
29	-19	222
29	-19	222
28	-20	222
29	-21	222
28	-22	222
28	-22	222
27	-23	222
27	-24	222
27	-25	222
27	-25	222
26	-27	222
26	-28	222
25	-29	222
25	-29	222
24	-30	222
25	-31	222
24	-32	222
23	-33	222
23	-34	222
23	-35	222
22	-37	222
22	-38	222
21	-39	222
22	-41	222
21	-43	222
20	-44	222
20	-46	222
19	-48	222
19	-48	222
19	-51	222
20	-57	222
19	-59	222
18	-61	222
17	-63	222
17	-66	222
15	-69	222
15	-72	222
34	-8	222
34	-8	222
33	-10	222
33	-10	222
33	-11	222
33	-12	222
33	-12	222
32	-13	222
32	-14	222
32	-15	222
32	-16	222
31	-16	222
31	-16	222
30	-18	222
30	-19	222
29	-20	222
30	-21	222
29	-22	222
29	-23	222
29	-24	222
28	-24	222
28	-24	222
27	-25	222
27	-26	222
27	-27	222
26	-29	222
26	-29	222
26	-30	222
26	-32	222
25	-33	222
25	-34	222
24	-35	222
23	-35	222
24	-36	222
23	-38	222
24	-40	222
23	-42	222
22	-44	222
22	-46	222
21	-46	222
20	-48	222
20	-50	222
21	-56	222
20	-58	222
20	-61	222
20	-63	222
19	-66	222
17	-69	222
17	-72	222
15	-73	222
14	-71	222
13	-74	222
12	-76	222
10	-76	222
9	-76	222
2	-80	222
1	-79	222
0	-79	222
-2	-80	222
-3	-81	222
-5	-83	222
-18	-167	222
-22	-146	222
-25	-142	222
-28	-114	222
-30	-112	222
-32	-109	222
-34	-108	222
-37	-107	222
-40	-108	222
-43	-108	222
-63	-142	222
-64	-136	222
-73	-145	222
-68	-123	222
-60	-101	222
-70	-114	222
-72	-110	222
-74	-109	222
-77	-106	222
-79	-105	222
-64	-81	222
-48	-57	222
-66	-72	222
-66	-68	222
-68	-67	222
-68	-64	222
-45	-38	222
-62	-48	222
-55	-38	222
-66	-44	222
-31	-19	222
-31	-16	222
-31	-15	222
-29	-15	222
-29	-14	222
-29	-12	222
-28	-11	222
-28	-10	222
-27	-8	222
-27	-8	222
-27	-8	222
-27	-8	222
-27	-6	222
-26	-5	222
-25	-5	222
-25	-5	222
-25	-5	222
-24	-4	222
-24	-3	222
-24	-3	222
-25	-2	222
-24	-1	222
-24	-1	222
-24	0	222
-24	0	222
-23	1	222
-23	2	222
-23	2	222
-23	3	222
-23	3	222
-23	3	222
-22	3	222
-22	4	222
-21	5	222
-21	5	222
-21	5	222
-21	5	222
-21	6	222
-21	6	222
-21	7	222
-21	7	222
-21	8	222
-21	8	222
-20	8	222
-20	8	222
-20	9	222
-20	9	222
-19	11	222
-19	12	222
-19	12	222
-19	13	222
-19	13	222
-18	13	222
-18	13	222
-18	14	222
-17	15	222
-17	15	222
-17	16	222
-17	16	222
-17	17	222
-15	17	222
-14	17	222
-13	16	222
-12	16	222
-11	14	222
-11	14	222
-11	14	222
-10	15	222
-9	14	222
-8	14	222
-8	14	222
-7	13	222
-6	14	222
-6	14	222
-4	13	222
-4	13	222
-3	13	222
-3	13	222
-2	12	222
-2	12	222
-2	12	222
-2	12	222
-2	12	222
-2	11	222
-2	11	222
-2	11	222
-1	11	222
-1	11	222
-1	11	222
0	12	222
0	11	222
0	12	222
0	10	222
0	10	222
0	10	222
1	10	222
1	10	222
1	10	222
1	10	222
2	9	222
2	9	222
2	9	222
2	9	222
2	9	222
2	9	222
2	9	222
2	9	222
3	9	222
3	9	222
3	9	222
4	9	222
4	9	222
4	9	222
4	9	222
5	9	222
5	9	222
5	9	222
5	9	222
6	9	222
6	9	222
6	9	222
6	9	222
7	8	222
7	8	222
7	8	222
8	8	222
8	8	222
8	8	222
9	8	222
9	8	222
9	8	222
10	8	222
10	8	222
10	8	222
10	6	222
10	6	222
10	6	222
11	6	222
11	6	222
13	5	222
13	5	222
14	6	222
14	6	222
15	6	222
15	6	222
15	5	222
15	5	222
16	5	222
17	4	222
17	4	222
18	4	222
19	4	222
20	4	222
20	4	222
21	4	222
22	4	222
22	3	222
23	3	222
23	3	222
24	2	222
24	2	222
23	0	222
23	0	222
23	0	222
22	0	222
22	-1	222
22	-1	222
26	-2	222
27	-2	222
30	-3	222
32	-5	222
34	-5	222
35	-6	222
34	-7	222
34	-8	222
