0	-79	222
0	0	128
0	0	128
0	0	128
0	0	128
0	0	128
0	0	128
0	0	128
0	0	128
0	0	128
0	0	128
-20	-77	222
-21	-77	222
-23	-77	222
-25	-77	222
-27	-77	222
-29	-77	222
-31	-76	222
-33	-76	222
-35	-76	222
-37	-76	222
-39	-76	222
-41	-75	222
-43	-75	222
-46	-75	222
-28	-43	222
-28	-41	222
-28	-39	222
-29	-39	222
-30	-38	222
-32	-38	222
-32	-37	222
-32	-36	222
-34	-36	222
-35	-35	222
-36	-34	222
-37	-34	222
-37	-33	222
-38	-32	222
-40	-32	222
0	0	128
0	0	128
-99	-70	222
-103	-70	222
-108	-69	222
-113	-69	222
-117	-68	222
-124	-68	222
-129	-67	222
-134	-66	222
-142	-66	222
-148	-65	222
0	0	128
0	0	128
0	0	128
0	0	128
0	0	128
0	0	128
0	0	128
0	0	128
0	0	128
-147	-28	222
0	0	128
-140	-19	222
-140	-16	222
-139	-13	222
0	0	128
-139	-6	222
-139	-3	222
-138	0	222
-138	2	222
-138	5	222
-138	8	222
-137	12	222
-137	15	222
-136	18	222
-136	21	222
-136	24	222
-135	27	222
-135	30	222
-135	33	222
-134	37	222
-134	40	222
-133	43	222
-134	46	222
-133	50	222
-134	53	222
-133	56	222
-133	60	222
-132	63	222
0	0	128
-131	70	222
-115	65	222
-131	78	222
0	0	128
0	0	128
0	0	128
0	0	128
-130	99	222
0	0	128
0	0	128
0	0	128
0	0	128
0	0	128
0	0	128
0	0	128
0	0	128
-84	97	222
-73	88	222
-70	89	222
0	0	128
0	0	128
-114	167	222
0	0	128
0	0	128
0	0	128
0	0	128
0	0	128
-38	77	222
0	0	128
-56	128	222
-35	85	222
-62	159	222
-58	159	222
-53	159	222
-49	158	222
-38	132	222
-35	134	222
-32	134	222
-29	136	222
-26	140	222
0	0	128
-16	113	222
0	0	128
-10	108	222
0	0	128
0	0	128
-2	101	222
0	0	128
0	0	128
0	0	128
6	105	222
8	99	222
10	98	222
13	98	222
0	0	128
0	0	128
0	0	128
25	112	222
28	116	222
40	148	222
44	149	222
47	148	222
51	148	222
54	147	222
58	147	222
62	147	222
66	146	222
70	146	222
74	146	222
78	146	222
82	145	222
86	144	222
90	143	222
80	121	222
85	122	222
89	122	222
93	121	222
0	0	128
0	0	128
0	0	128
0	0	128
0	0	128
0	0	128
0	0	128
0	0	128
0	0	128
0	0	128
0	0	128
0	0	128
0	0	128
0	0	128
0	0	128
0	0	128
0	0	128
0	0	128
0	0	128
0	0	128
0	0	128
0	0	128
0	0	128
0	0	128
0	0	128
4	1	222
0	0	128
0	0	128
0	0	128
0	0	128
0	0	128
0	0	128
0	0	128
0	0	128
0	0	128
0	0	128
0	0	128
0	0	128
0	0	128
0	0	128
0	0	128
0	0	128
0	0	128
0	0	128
0	0	128
0	0	128
0	0	128
0	0	128
0	0	128
0	0	128
0	0	128
0	0	128
0	0	128
0	0	128
0	0	128
0	0	128
0	0	128
0	0	128
0	0	128
0	0	128
0	0	128
0	0	128
0	0	128
0	0	128
0	0	128
0	0	128
4	-3	222
0	0	128
0	0	128
0	0	128
0	0	128
0	0	128
0	0	128
0	0	128
0	0	128
0	0	128
0	0	128
0	0	128
0	0	128
0	0	128
0	0	128
0	0	128
0	0	128
0	0	128
0	0	128
0	0	128
0	0	128
0	0	128
0	0	128
0	0	128
0	0	128
0	0	128
0	0	128
0	0	128
0	0	128
0	0	128
0	0	128
0	0	128
0	0	128
0	0	128
0	0	128
0	0	128
0	0	128
9	-80	222
7	-80	222
5	-80	222
3	-80	222
1	-79	222
0	0	128
0	0	128
0	0	128
0	0	128
0	0	128
0	0	128
0	0	128
0	0	128
0	0	128
0	0	128
0	0	128
0	0	128
0	0	128
0	0	128
0	0	128
0	0	128
0	0	128
0	0	128
0	0	128
0	0	128
0	0	128
0	0	128
0	0	128
0	0	128
0	0	128
0	0	128
-57	-87	222
-63	-91	222
0	0	128
0	0	128
-71	-89	222
0	0	128
-81	-93	222
-84	-92	222
-86	-90	222
0	0	128
0	0	128
0	0	128
0	0	128
0	0	128
0	0	128
0	0	128
0	0	128
0	0	128
0	0	128
0	0	128
0	0	128
-147	-84	222
-144	-78	222
-141	-72	222
0	0	128
0	0	128
0	0	128
0	0	128
0	0	128
-126	-44	222
-123	-40	222
-122	-36	222
-120	-33	222
-118	-29	222
-116	-26	222
0	0	128
0	0	128
0	0	128
0	0	128
0	0	128
0	0	128
-19	0	222
0	0	128
0	0	128
-101	0	222
-99	2	222
-98	4	222
-97	6	222
0	0	128
0	0	128
-32	5	222
-33	5	222
-30	6	222
-28	6	222
-26	6	222
-24	6	222
-22	7	222
-21	7	222
-19	7	222
-18	7	222
-17	7	222
-16	7	222
-15	7	222
-15	7	222
-14	7	222
-13	7	222
-12	7	222
-12	7	222
-11	7	222
-11	8	222
-10	8	222
-10	8	222
-9	8	222
-9	8	222
-8	8	222
-8	8	222
-8	8	222
-7	8	222
-7	8	222
-7	8	222
-6	8	222
-6	8	222
-6	8	222
-3	6	222
-3	6	222
-3	6	222
-3	6	222
-3	6	222
-3	6	222
-2	6	222
-2	6	222
0	0	128
-2	6	222
0	0	128
-2	6	222
0	0	128
-2	6	222
0	0	128
-2	7	222
0	0	128
-2	7	222
-3	14	222
-3	14	222
-2	14	222
-2	14	222
-2	14	222
-1	14	222
-1	14	222
0	5	222
0	0	128
0	5	222
0	0	128
0	5	222
0	0	128
0	5	222
0	0	128
0	5	222
0	0	128
0	4	222
0	0	128
0	0	128
0	0	128
0	0	128
0	0	128
0	0	128
0	0	128
0	0	128
0	0	128
0	0	128
0	0	128
0	0	128
0	0	128
0	0	128
0	0	128
0	0	128
0	0	128
0	0	128
0	0	128
0	0	128
0	0	128
0	0	128
0	0	128
0	0	128
0	0	128
0	0	128
0	0	128
0	0	128
0	0	128
0	0	128
0	0	128
0	0	128
0	0	128
0	0	128
0	0	128
0	0	128
0	0	128
0	0	128
0	0	128
0	0	128
0	0	128
0	0	128
0	0	128
0	0	128
0	0	128
0	0	128
0	0	128
0	0	128
4	1	222
4	1	222
4	0	222
4	0	222
5	0	222
5	0	222
5	0	222
5	0	222
5	0	222
0	0	128
5	0	222
0	0	128
5	0	222
0	0	128
5	0	222
5	0	222
5	0	222
0	0	128
0	0	128
6	0	222
6	-1	222
6	-1	222
6	-1	222
6	-1	222
6	-2	222
0	0	128
7	-2	222
0	0	128
7	-2	222
0	0	128
7	-2	222
0	0	128
7	-3	222
7	-3	222
0	0	128
0	0	128
0	0	128
0	0	128
0	0	128
0	0	128
0	0	128
0	0	128
0	0	128
0	0	128
0	0	128
0	0	128
95	-75	222
0	0	128
0	0	128
0	0	128
0	0	128
0	0	128
0	0	128
0	0	128
0	0	128
0	0	128
0	0	128
0	0	128
0	0	128
0	0	128
0	0	128
0	0	128
0	0	128
0	0	128
0	0	128
0	0	128
0	0	128
35	-79	222
34	-81	222
32	-81	222
0	0	128
27	-80	222
25	-80	222
0	0	128
0	0	128
0	0	128
0	0	128
16	-82	222
14	-82	222
12	-79	222
0	0	128
0	0	128
0	0	128
0	0	128
0	0	128
0	0	128
0	0	128
0	0	128
0	0	128
0	0	128
0	0	128
-17	-170	222
0	0	128
0	0	128
0	0	128
-27	-156	222
0	0	128
0	0	128
0	0	128
0	0	128
0	0	128
0	0	128
0	0	128
0	0	128
0	0	128
0	0	128
0	0	128
0	0	128
0	0	128
0	0	128
0	0	128
0	0	128
0	0	128
-80	-117	222
0	0	128
-80	-111	222
0	0	128
-80	-105	222
0	0	128
-79	-100	222
0	0	128
-79	-95	222
0	0	128
-79	-90	222
0	0	128
-78	-86	222
-78	-82	222
-78	-78	222
-78	-74	222
-78	-71	222
-78	-68	222
-78	-65	222
-78	-62	222
-78	-59	222
-77	-56	222
-77	-53	222
-77	-50	222
-77	-48	222
-77	-46	222
-77	-43	222
-76	-40	222
-76	-38	222
-77	-36	222
-77	-34	222
-76	-32	222
-76	-30	222
-76	-28	222
-76	-26	222
-76	-24	222
-76	-22	222
-76	-20	222
-76	-18	222
-76	-16	222
-75	-15	222
-75	-13	222
-76	-11	222
-75	-9	222
-75	-8	222
-75	-6	222
-75	-4	222
-75	-2	222
-75	-1	222
-75	0	222
-75	2	222
-75	3	222
-75	5	222
-75	7	222
-75	8	222
-75	10	222
-75	12	222
-75	14	222
-75	15	222
-75	17	222
-75	19	222
-75	21	222
-74	22	222
-75	24	222
-75	26	222
-75	28	222
-74	30	222
-74	32	222
-74	34	222
-74	36	222
-74	38	222
-5	3	222
0	0	128
0	0	128
0	0	128
0	0	128
0	0	128
0	0	128
0	0	128
0	0	128
0	0	128
0	0	128
0	0	128
0	0	128
0	0	128
0	0	128
0	0	128
0	0	128
0	0	128
0	0	128
0	0	128
0	0	128
0	0	128
0	0	128
0	0	128
0	0	128
0	0	128
0	0	128
0	0	128
0	0	128
0	0	128
0	0	128
0	0	128
0	0	128
0	0	128
0	0	128
0	0	128
0	0	128
0	0	128
0	0	128
0	0	128
0	0	128
0	0	128
0	0	128
0	0	128
0	0	128
0	0	128
0	0	128
0	0	128
0	0	128
0	0	128
0	0	128
0	0	128
0	0	128
0	0	128
0	0	128
0	0	128
0	0	128
0	0	128
0	0	128
0	0	128
0	0	128
0	0	128
0	0	128
0	0	128
0	0	128
0	0	128
0	0	128
0	0	128
0	0	128
0	0	128
0	0	128
0	0	128
0	0	128
0	0	128
0	0	128
0	0	128
0	0	128
0	0	128
0	0	128
0	0	128
0	0	128
0	0	128
0	0	128
0	0	128
0	0	128
0	0	128
0	0	128
0	0	128
0	0	128
0	0	128
0	0	128
0	0	128
0	0	128
0	0	128
0	0	128
0	0	128
0	0	128
0	0	128
0	0	128
0	0	128
0	0	128
0	0	128
0	0	128
0	0	128
0	0	128
0	0	128
0	0	128
0	0	128
0	0	128
0	0	128
0	0	128
0	0	128
0	0	128
0	0	128
0	0	128
0	0	128
0	0	128
0	0	128
0	0	128
0	0	128
0	0	128
34	-7	222
0	0	128
35	-8	222
0	0	128
0	0	128
0	0	128
0	0	128
0	0	128
160	-67	222
0	0	128
159	-71	222
0	0	128
158	-75	222
0	0	128
157	-79	222
0	0	128
158	-84	222
0	0	128
157	-88	222
0	0	128
158	-93	222
157	-98	222
156	-102	222
157	-108	222
157	-113	222
0	0	128
0	0	128
0	0	128
0	0	128
0	0	128
0	0	128
0	0	128
0	0	128
0	0	128
0	0	128
0	0	128
0	0	128
0	0	128
0	0	128
0	0	128
0	0	128
0	0	128
0	0	128
0	0	128
0	0	128
0	0	128
0	0	128
0	0	128
0	0	128
0	0	128
0	0	128
0	0	128
0	0	128
0	0	128
0	0	128
0	0	128
0	0	128
0	0	128
0	0	128
0	3	128
0	-1	222
0	3	128
0	3	128
0	3	128
0	3	128
0	-1	222
0	3	128
0	-1	222
-1	-1	222
-1	-1	222
-1	-1	222
-1	-1	222
-1	-1	222
-1	-1	222
-1	-1	222
-1	0	222
-2	-1	222
-2	-1	222
-2	0	222
-2	0	222
-2	0	222
-2	0	222
-2	0	222
-2	0	222
-3	0	222
-3	0	222
-3	0	222
-3	0	222
-3	0	222
-3	0	222
-4	0	222
-4	0	222
-4	0	222
-4	0	222
-4	0	222
-5	0	222
-5	0	222
-5	0	222
-5	0	222
-5	0	222
-6	0	222
-6	0	222
-4	0	222
-4	0	222
-4	1	222
-4	1	222
-5	1	222
-5	1	222
-5	1	222
-5	1	222
-5	1	222
-5	1	222
-5	1	222
-5	2	222
-5	2	222
-5	2	222
-5	2	222
-5	2	222
-5	2	222
-6	2	222
-5	3	222
-6	3	222
0	3	128
0	3	128
0	3	128
0	3	128
0	3	128
0	3	128
0	3	128
0	3	128
0	3	128
0	3	128
0	3	128
0	3	128
0	3	128
-75	20	222
0	3	128
-74	22	222
0	3	128
-74	24	222
0	3	128
-74	26	222
0	3	128
-74	28	222
0	3	128
-74	30	222
-74	32	222
-74	34	222
-74	36	222
-74	38	222
-74	40	222
-74	42	222
-74	45	222
-73	47	222
-73	49	222
-73	51	222
-73	54	222
-73	56	222
-73	59	222
-73	62	222
-73	65	222
-73	68	222
-74	72	222
-58	71	222
0	3	128
0	3	128
0	3	128
0	3	128
0	3	128
0	3	128
0	3	128
0	3	128
0	3	128
0	3	128
0	3	128
0	3	128
0	3	128
0	3	128
0	3	128
0	3	128
0	3	128
0	3	128
0	3	128
0	3	128
0	3	128
0	3	128
0	3	128
0	3	128
0	3	128
0	3	128
0	3	128
0	3	128
0	3	128
0	3	128
0	3	128
0	3	128
0	3	128
0	3	128
0	3	128
0	3	128
0	3	128
0	3	128
0	3	128
0	3	128
0	3	128
0	3	128
0	3	128
0	3	128
0	3	128
0	3	128
29	67	222
0	3	128
31	67	222
0	3	128
33	67	222
0	3	128
0	3	128
0	3	128
0	3	128
0	3	128
0	3	128
0	3	128
0	3	128
0	3	128
0	3	128
0	3	128
0	3	128
0	3	128
0	3	128
0	3	128
0	3	128
0	3	128
0	3	128
0	3	128
0	3	128
0	3	128
0	3	128
0	3	128
0	3	128
0	3	128
0	3	128
0	3	128
169	67	222
0	3	128
0	3	128
174	60	222
0	3	128
173	55	222
0	3	128
173	50	222
0	3	128
173	46	222
0	3	128
171	41	222
171	37	222
0	3	128
172	33	222
172	28	222
172	24	222
172	20	222
171	16	222
109	3	222
108	0	222
108	-1	222
107	-3	222
0	3	128
0	3	128
0	3	128
23	-2	222
0	3	128
0	3	128
16	-1	222
0	3	128
0	3	128
15	-1	222
13	-1	222
0	3	128
12	-1	222
4	1	222
0	3	128
0	3	128
0	3	128
0	3	128
0	3	128
0	3	128
0	3	128
0	3	128
0	3	128
0	3	128
0	3	128
0	3	128
0	3	128
0	3	128
0	3	128
0	3	128
0	3	128
0	3	128
0	3	128
0	3	128
0	3	128
0	3	128
0	3	128
0	3	128
0	3	128
0	3	128
0	3	128
2	-1	222
1	0	222
1	-1	222
1	-1	222
1	-1	222
1	-1	222
1	-1	222
1	-1	222
1	-1	222
1	-1	222
0	-1	222
0	-1	222
0	3	128
0	3	128
0	3	128
0	3	128
0	3	128
0	13	128
0	13	128
0	13	128
0	13	128
0	13	128
0	13	128
0	13	128
0	13	128
0	13	128
-1	8	222
-1	8	222
-1	8	222
-1	8	222
-1	8	222
-1	8	222
-1	8	222
-1	8	222
-2	8	222
-2	8	222
-2	8	222
-2	8	222
-2	8	222
-2	8	222
-2	8	222
-2	8	222
-3	8	222
-3	8	222
-3	8	222
-3	8	222
-3	8	222
-3	8	222
-4	8	222
-4	8	222
-4	8	222
-4	8	222
-4	8	222
-4	8	222
-5	8	222
-5	8	222
-5	8	222
-5	8	222
-6	8	222
-6	8	222
-6	8	222
0	13	128
0	13	128
-5	10	222
-5	10	222
-5	10	222
-5	10	222
0	13	128
-5	10	222
-5	11	222
-5	11	222
0	13	128
0	13	128
0	13	128
-7	11	222
-7	11	222
-7	11	222
0	13	128
0	13	128
0	13	128
0	13	128
0	13	128
0	13	128
0	13	128
0	13	128
0	13	128
0	13	128
0	13	128
0	13	128
0	13	128
0	13	128
0	13	128
-76	28	222
0	13	128
-75	29	222
0	13	128
-74	31	222
0	13	128
-74	33	222
0	13	128
-74	35	222
0	13	128
-74	37	222
-74	39	222
-74	41	222
-74	43	222
-74	45	222
-74	47	222
-74	49	222
-74	51	222
-74	53	222
-73	56	222
-73	58	222
-73	60	222
-73	63	222
-73	65	222
-73	68	222
-73	71	222
-73	73	222
-73	76	222
-73	79	222
0	13	128
0	13	128
0	13	128
0	13	128
0	13	128
0	13	128
0	13	128
0	13	128
0	13	128
0	13	128
0	13	128
0	13	128
0	13	128
0	13	128
0	13	128
0	13	128
0	13	128
0	13	128
0	13	128
0	13	128
0	13	128
0	13	128
0	13	128
0	13	128
0	13	128
0	13	128
0	13	128
0	13	128
0	13	128
0	13	128
0	13	128
0	13	128
0	13	128
0	13	128
0	13	128
0	13	128
0	13	128
0	13	128
0	13	128
0	13	128
0	13	128
0	13	128
0	13	128
0	13	128
0	13	128
0	13	128
0	13	128
29	77	222
0	13	128
31	76	222
0	13	128
33	76	222
0	13	128
0	13	128
0	13	128
0	13	128
0	13	128
0	13	128
0	13	128
0	13	128
0	13	128
0	13	128
0	13	128
0	13	128
0	13	128
0	13	128
0	13	128
0	13	128
0	13	128
0	13	128
0	13	128
0	13	128
0	13	128
0	13	128
0	13	128
0	13	128
0	13	128
0	13	128
0	13	128
172	78	222
0	13	128
0	13	128
174	70	222
0	13	128
172	64	222
0	13	128
173	60	222
0	13	128
171	55	222
0	13	128
172	51	222
172	47	222
0	13	128
172	43	222
171	38	222
172	34	222
172	30	222
171	26	222
108	13	222
108	11	222
108	8	222
108	5	222
0	13	128
0	13	128
0	13	128
21	7	222
0	13	128
19	7	222
0	13	128
17	7	222
0	13	128
15	7	222
0	13	128
13	7	222
12	7	222
11	7	222
0	13	128
0	13	128
0	13	128
0	13	128
0	13	128
0	13	128
0	13	128
0	13	128
0	13	128
0	13	128
0	13	128
0	13	128
0	13	128
0	13	128
0	13	128
0	13	128
0	13	128
0	13	128
0	13	128
0	13	128
0	13	128
0	13	128
0	13	128
0	13	128
0	13	128
0	13	128
0	13	128
0	13	128
2	8	222
1	8	222
1	8	222
1	8	222
1	8	222
1	8	222
1	8	222
1	8	222
1	8	222
0	8	222
0	13	128
0	13	128
0	13	128
0	13	128
0	13	128
0	13	128
0	13	128
0	13	128
0	13	128
0	13	128
0	13	128
0	13	128
0	13	128
0	8	222
0	8	222
-1	8	222
-1	8	222
-1	8	222
-1	8	222
-1	8	222
-1	8	222
-1	8	222
-1	8	222
-2	8	222
-2	8	222
-2	8	222
-2	8	222
-2	8	222
-2	8	222
-2	8	222
-2	8	222
-3	8	222
-3	8	222
-3	8	222
-3	8	222
-3	8	222
-3	8	222
-4	8	222
-4	8	222
-4	8	222
-4	8	222
-4	8	222
-5	8	222
-5	8	222
-5	8	222
-5	8	222
-5	8	222
-6	8	222
-6	8	222
-4	10	222
-5	10	222
-5	10	222
-5	10	222
-5	10	222
-5	10	222
-5	10	222
-5	10	222
0	13	128
0	13	128
0	13	128
0	13	128
0	13	128
-8	10	222
-8	11	222
-8	11	222
-8	11	222
-8	11	222
-8	11	222
0	13	128
0	13	128
0	13	128
0	13	128
0	13	128
0	13	128
0	13	128
0	13	128
0	13	128
0	13	128
0	13	128
0	13	128
0	13	128
-75	28	222
0	13	128
-75	29	222
0	13	128
-75	31	222
0	13	128
-74	33	222
0	13	128
-74	35	222
0	13	128
-74	37	222
-74	39	222
-74	41	222
-74	43	222
-74	45	222
-74	47	222
-74	49	222
-74	51	222
-74	54	222
-73	56	222
-73	58	222
-73	60	222
-73	63	222
-73	65	222
-73	68	222
-73	71	222
-73	74	222
-73	77	222
-73	79	222
-58	81	222
0	13	128
0	13	128
0	13	128
0	13	128
0	13	128
0	13	128
0	13	128
0	13	128
0	13	128
0	13	128
0	13	128
0	13	128
0	13	128
0	13	128
0	13	128
0	13	128
0	13	128
0	13	128
0	13	128
0	13	128
0	13	128
0	13	128
0	13	128
0	13	128
0	13	128
0	13	128
0	13	128
0	13	128
0	13	128
0	13	128
0	13	128
0	13	128
0	13	128
0	13	128
0	13	128
0	13	128
0	13	128
0	13	128
0	13	128
0	13	128
0	13	128
0	13	128
0	13	128
0	13	128
0	13	128
0	13	128
0	13	128
30	77	222
0	13	128
32	76	222
0	13	128
0	13	128
0	13	128
0	13	128
0	13	128
0	13	128
0	13	128
0	13	128
0	13	128
0	13	128
0	13	128
0	13	128
0	13	128
0	13	128
0	13	128
0	13	128
0	13	128
0	13	128
0	13	128
0	13	128
0	13	128
0	13	128
0	13	128
0	13	128
0	13	128
0	13	128
0	13	128
0	13	128
0	13	128
0	13	128
173	75	222
0	13	128
174	71	222
0	13	128
172	66	222
0	13	128
173	61	222
0	13	128
173	57	222
0	13	128
171	52	222
171	48	222
172	44	222
172	40	222
172	36	222
172	31	222
172	27	222
109	14	222
108	11	222
108	9	222
109	6	222
0	13	128
101	4	222
0	13	128
21	7	222
0	13	128
20	7	222
0	13	128
18	7	222
0	13	128
0	13	128
15	7	222
14	7	222
13	7	222
11	7	222
11	7	222
10	8	222
0	13	128
0	13	128
0	13	128
0	13	128
0	13	128
0	13	128
0	13	128
0	13	128
0	13	128
0	13	128
0	13	128
0	13	128
0	13	128
0	13	128
0	13	128
0	13	128
0	13	128
0	13	128
0	13	128
0	13	128
0	13	128
0	13	128
0	13	128
0	13	128
0	13	128
0	13	128
0	13	128
1	8	222
1	8	222
1	8	222
1	8	222
1	8	222
1	8	222
1	8	222
1	8	222
0	8	222
0	13	128
0	8	222
0	13	128
0	13	128
0	13	128
0	13	128
0	13	128
0	13	128
0	13	128
0	13	128
0	13	128
0	13	128
0	13	128
0	13	128
0	13	128
0	8	222
0	8	222
-1	8	222
-1	8	222
-1	8	222
-1	8	222
-1	8	222
-1	8	222
-1	8	222
-1	8	222
-2	8	222
-2	8	222
-2	8	222
-2	8	222
-2	8	222
-2	8	222
-2	8	222
-2	8	222
-3	8	222
-3	8	222
-3	8	222
-3	8	222
-3	8	222
-3	8	222
-4	8	222
-4	8	222
-4	8	222
-4	8	222
-4	8	222
-5	8	222
-5	8	222
-5	8	222
-5	8	222
-5	8	222
-6	8	222
-6	8	222
-6	8	222
-6	9	222
-6	9	222
-6	9	222
-6	9	222
-7	9	222
0	13	128
-7	10	222
-7	10	222
-7	10	222
0	13	128
0	13	128
-8	10	222
-9	10	222
0	13	128
-8	11	222
-8	11	222
-9	11	222
0	13	128
0	13	128
0	13	128
0	13	128
0	13	128
0	13	128
0	13	128
0	13	128
0	13	128
0	13	128
0	13	128
0	13	128
0	13	128
-76	28	222
0	13	128
-75	29	222
0	13	128
-74	31	222
0	13	128
-74	33	222
0	13	128
-74	35	222
0	13	128
-74	37	222
0	13	128
-74	39	222
-74	41	222
-74	43	222
-74	45	222
-74	47	222
-74	49	222
-74	51	222
-74	53	222
-74	55	222
-73	58	222
-73	60	222
-73	63	222
-73	65	222
-73	68	222
-73	70	222
-73	73	222
-73	76	222
-73	79	222
0	13	128
0	13	128
0	13	128
0	13	128
0	13	128
0	13	128
0	13	128
0	13	128
0	13	128
0	13	128
0	13	128
0	13	128
0	13	128
0	13	128
0	13	128
0	13	128
0	13	128
0	13	128
0	13	128
0	13	128
0	13	128
0	13	128
0	13	128
0	13	128
0	13	128
0	13	128
0	13	128
0	13	128
0	13	128
0	13	128
0	13	128
0	13	128
0	13	128
0	13	128
0	13	128
0	13	128
0	13	128
0	13	128
0	13	128
0	13	128
0	13	128
0	13	128
0	13	128
0	13	128
0	13	128
0	13	128
0	13	128
30	76	222
0	13	128
32	76	222
0	13	128
33	76	222
0	13	128
0	13	128
0	13	128
0	13	128
0	13	128
0	13	128
0	13	128
0	13	128
0	13	128
0	13	128
0	13	128
0	13	128
0	13	128
0	13	128
0	13	128
0	13	128
0	13	128
0	13	128
0	13	128
0	13	128
0	13	128
0	13	128
0	13	128
0	13	128
0	13	128
0	13	128
0	13	128
0	13	128
169	76	222
0	13	128
0	13	128
172	68	222
0	13	128
173	64	222
0	13	128
173	59	222
0	13	128
171	54	222
0	13	128
171	50	222
172	46	222
0	13	128
171	42	222
172	38	222
172	34	222
172	29	222
108	15	222
108	12	222
107	10	222
108	7	222
107	5	222
0	13	128
0	13	128
25	6	222
0	13	128
0	13	128
0	13	128
16	7	222
0	13	128
15	7	222
0	13	128
13	7	222
0	13	128
12	7	222
11	8	222
10	8	222
9	8	222
9	8	222
8	7	222
4	10	222
4	10	222
4	9	222
0	13	128
0	13	128
0	13	128
0	13	128
0	13	128
0	13	128
0	13	128
0	13	128
0	13	128
0	13	128
0	13	128
0	13	128
0	13	128
0	13	128
0	13	128
0	13	128
0	13	128
0	13	128
0	13	128
0	13	128
0	13	128
0	13	128
1	8	222
1	8	222
1	8	222
1	8	222
1	8	222
1	8	222
1	8	222
1	8	222
0	8	222
0	13	128
0	13	128
0	13	128
0	13	128
0	13	128
0	13	128
